4.17E-04	-0.2
4.17E-04	0
4.17E-04	-0.2
4.17E-04	0.1
4.17E-04	-0.2
4.17E-04	0.1
4.17E-04	-0.2
4.17E-04	0.1
4.17E-04	-0.2
4.17E-04	0.1
4.17E-04	-0.2
4.17E-04	0.1
4.17E-04	-0.2
4.17E-04	0.1
4.17E-04	-0.2
4.17E-04	0.1
4.17E-04	-0.2
4.17E-04	0.1
4.17E-04	-0.2
4.17E-04	0.1
4.17E-04	-0.2
4.17E-04	0.1
4.17E-04	-0.2
4.17E-04	0.1
4.17E-04	-0.2
4.17E-04	0.1
4.17E-04	-0.2
4.17E-04	0
4.17E-04	-0.2
4.17E-04	0
4.17E-04	-0.2
4.17E-04	0
4.17E-04	-0.2
4.17E-04	0
4.17E-04	-0.2
4.17E-04	0
4.17E-04	-0.2
4.17E-04	0
4.17E-04	-0.1
0.0021	0
0.0033	-0.1
0.0033	0
0.0033	-0.1
0.0033	0
0.0033	-0.1
0.0046	0
0.0058	-0.1
0.0067	0
0.0083	-0.1
0.0117	0
0.015	-0.1
0.0163	-0.1
0.0163	-0.1
0.0163	-0.1
0.0167	-0.1
0.0163	-0.1
0.0163	0
0.0163	-0.1
0.0163	0
0.0163	-0.1
0.0217	0
0.0254	-0.1
0.03	0
0.03	-0.2
0.03	0
0.03	-0.2
0.03	0
0.03	-0.2
0.03	0
0.03	-0.2
0.03	0
0.0304	-0.2
0.0308	0
0.0317	-0.2
0.0487	0
0.0492	-0.2
0.0487	0
0.0487	-0.2
0.0487	0
0.0487	-0.2
0.0487	0
0.0487	-0.2
0.0487	0.1
0.05	-0.2
0.0504	0
0.0508	-0.2
0.0692	0.1
0.0671	-0.2
0.0683	0
0.0692	-0.2
0.0692	0.1
0.0692	-0.2
0.0692	0.1
0.0692	-0.2
0.0692	0.1
0.0717	-0.2
0.0737	0.1
0.0742	-0.2
0.0746	0.1
0.0746	-0.2
0.0746	0.1
0.075	-0.2
0.075	0.1
0.075	-0.2
0.075	0.1
0.075	-0.2
0.075	0.1
0.0996	-0.2
0.0975	0.1
0.1054	-0.2
0.1087	0.1
0.1087	-0.2
0.1087	0
0.1087	-0.2
0.1087	0
0.1087	-0.2
0.1087	0
0.1087	-0.2
0.1092	0
0.1104	-0.2
0.1379	0
0.1321	-0.2
0.1317	0
0.1312	-0.2
0.1317	0
0.1317	-0.1
0.1317	0
0.1317	-0.1
0.1333	0
0.1333	-0.1
0.14	0
0.1437	-0.1
0.1437	0
0.1437	-0.1
0.1437	0
0.1437	-0.1
0.1437	-0.1
0.1437	-0.1
0.1437	-0.1
0.1437	-0.1
0.1437	-0.1
0.1437	0
0.1437	-0.1
0.1479	0
0.1525	-0.1
0.1575	0
0.1642	-0.2
0.1679	0
0.1679	-0.2
0.1679	0
0.1679	-0.2
0.1679	0
0.1679	-0.2
0.1679	0
0.1679	-0.2
0.1679	0
0.1679	-0.2
0.1679	0
0.1679	-0.2
0.1687	0
0.1725	-0.2
0.1783	0
0.1854	-0.2
0.19	0
0.1921	-0.2
0.1921	0
0.1921	-0.2
0.1921	0
0.1921	-0.2
0.1921	0
0.1921	-0.2
0.1921	0
0.1921	-0.2
0.1925	0
0.1979	-0.2
0.2004	0.1
0.2029	-0.2
0.2054	0
0.2096	-0.2
0.2112	0.1
0.2112	-0.2
0.2112	0.1
0.2112	-0.2
0.2112	0.1
0.2112	-0.2
0.2112	0.1
0.2112	-0.2
0.2112	0.1
0.2112	-0.2
0.2117	0.1
0.2175	-0.2
0.2225	0
0.2287	-0.2
0.2325	0.1
0.2375	-0.2
0.2408	0
0.2404	-0.2
0.2404	0
0.2404	-0.2
0.2404	0
0.2404	-0.2
0.2404	0
0.2404	-0.2
0.2408	0
0.2463	-0.2
0.2508	0
0.2592	-0.2
0.2658	0
0.2667	-0.2
0.2667	0
0.2667	-0.1
0.2667	0
0.2667	-0.1
0.2667	0
0.2667	-0.1
0.2667	0
0.2667	-0.1
0.2671	0
0.2754	-0.1
0.2825	-0.1
0.2917	-0.1
0.2962	-0.1
0.2962	0
0.2962	-0.1
0.2962	0
0.2962	-0.1
0.2962	0
0.2962	-0.2
0.2971	0
0.3037	-0.2
0.3096	0
0.3183	-0.2
0.3196	0
0.3196	-0.2
0.3196	0
0.3196	-0.2
0.3196	0
0.3196	-0.2
0.3196	0
0.325	-0.2
0.3304	0
0.3375	-0.2
0.3387	0
0.3392	-0.2
0.3392	0
0.3392	-0.2
0.3392	0
0.3392	-0.2
0.3392	0
0.3479	-0.2
0.3558	0
0.3667	-0.2
0.3683	0
0.3687	-0.2
0.3687	0
0.3687	-0.2
0.3687	0
0.3687	-0.2
0.3687	0.1
0.37	-0.2
0.3771	0.1
0.3812	-0.2
0.3896	0
0.3892	-0.2
0.3892	0.1
0.3892	-0.2
0.3892	0
0.3892	-0.2
0.3892	0.1
0.3892	-0.2
0.3921	0.1
0.3983	-0.2
0.4067	0
0.4129	-0.2
0.4171	0
0.4171	-0.2
0.4171	0
0.4171	-0.2
0.4171	0
0.4171	-0.2
0.4171	0
0.4204	-0.2
0.4321	0
0.44	-0.2
0.4508	0
0.4508	-0.2
0.4508	0
0.4508	-0.1
0.4508	0
0.4508	-0.1
0.4508	0
0.4508	-0.1
0.4529	0
0.4592	-0.1
0.4662	0
0.4667	-0.1
0.4667	0
0.4667	-0.1
0.4667	0
0.4667	-0.1
0.4667	0
0.4667	0
0.4667	-0.1
0.4679	0
0.4954	-0.1
0.4958	0
0.5012	-0.1
0.5008	0
0.5008	-0.1
0.5008	0
0.5008	-0.1
0.5008	0
0.5008	-0.2
0.5025	0
0.5175	-0.2
0.5204	0
0.5258	-0.2
0.5254	0
0.5254	-0.2
0.5254	0
0.5254	-0.2
0.5254	0
0.5254	-0.2
0.5296	0
0.5362	-0.2
0.5446	0
0.5525	-0.2
0.5525	0
0.5525	-0.2
0.5525	0.1
0.5525	-0.2
0.5525	0
0.5525	-0.2
0.5525	0.1
0.5529	-0.2
0.5625	0.1
0.575	-0.2
0.5796	0.1
0.58	-0.2
0.58	0.1
0.58	-0.2
0.58	0.1
0.58	-0.2
0.58	0.1
0.58	-0.2
0.58	0.1
0.5817	-0.2
0.5862	0.1
0.5954	-0.2
0.6033	0.1
0.6042	-0.2
0.6042	0.1
0.6042	-0.2
0.6042	0.1
0.6042	-0.2
0.6042	0.1
0.6042	-0.2
0.6046	0
0.6183	-0.2
0.6217	0
0.6321	-0.1
0.6325	0
0.6325	-0.1
0.6325	0
0.6325	-0.1
0.6325	0
0.6325	-0.1
0.6325	0
0.6325	-0.1
0.6325	0
0.6342	-0.1
0.64	0
0.6458	-0.1
0.6554	0
0.6587	-0.1
0.6592	0
0.6596	-0.1
0.6596	0
0.6596	0
0.6596	-0.1
0.6596	0
0.6596	-0.1
0.6596	0
0.6608	-0.1
0.6671	0
0.6704	-0.1
0.6787	0
0.685	-0.1
0.6858	0
0.6858	-0.2
0.6858	0
0.6858	-0.2
0.6858	0
0.6858	-0.2
0.6858	0
0.6858	-0.2
0.6858	0
0.6871	-0.2
0.6917	0.1
0.6967	-0.2
0.7058	0.1
0.7104	-0.2
0.7112	0.1
0.7112	-0.2
0.7112	0.1
0.7112	-0.2
0.7112	0.1
0.7112	-0.2
0.7112	0.1
0.7112	-0.2
0.7129	0.1
0.7221	-0.2
0.7254	0.1
0.7271	-0.2
0.7275	0.1
0.7275	-0.2
0.7275	0.1
0.7275	-0.2
0.7275	0.1
0.7275	-0.2
0.73	0.1
0.7358	-0.2
0.7429	0.1
0.75	-0.2
0.7512	0.1
0.7512	-0.2
0.7512	0.1
0.7512	-0.2
0.7512	0.1
0.7512	-0.2
0.7512	0.1
0.7512	-0.2
0.7512	0
0.7512	-0.2
0.7512	0.1
0.7512	-0.1
0.7512	0
0.7512	-0.1
0.7587	0
0.7637	-0.1
0.7733	0
0.7779	-0.1
0.7779	0
0.7775	-0.1
0.7775	0
0.7775	-0.1
0.7775	0
0.7775	-0.1
0.7775	0
0.7775	0
0.7775	0
0.7775	0
0.7787	0
0.7862	0
0.7942	0
0.8038	0
0.805	-0.1
0.805	0
0.805	-0.1
0.805	0
0.805	-0.1
0.805	0
0.805	-0.1
0.805	0
0.805	-0.1
0.805	0
0.8108	-0.1
0.8179	0
0.8242	-0.1
0.8258	0.1
0.8258	-0.1
0.8258	0.1
0.8258	-0.1
0.8258	0.1
0.8258	-0.2
0.8258	0.1
0.8258	-0.2
0.8258	0.1
0.8262	-0.2
0.8392	0.1
0.8433	-0.2
0.8533	0.1
0.8562	-0.2
0.8562	0.1
0.8562	-0.2
0.8562	0.1
0.8562	-0.2
0.8562	0.1
0.8562	-0.2
0.8562	0.1
0.8562	-0.2
0.8579	0.1
0.8621	-0.2
0.8712	0.1
0.8733	-0.2
0.8742	0.1
0.8742	-0.2
0.8742	0.1
0.8742	-0.2
0.8742	0.1
0.8742	-0.2
0.8742	0.1
0.8742	-0.2
0.8787	0.1
0.8879	-0.2
0.8946	0.1
0.9004	-0.2
0.9008	0.1
0.9008	-0.2
0.9008	0.1
0.9008	-0.1
0.9008	0.1
0.9008	-0.1
0.9008	0
0.9017	-0.1
0.9075	0
0.9137	-0.1
0.9254	0
0.93	0
0.9304	0
0.9304	0
0.9304	0
0.9304	0
0.9304	0
0.9304	0
0.9304	0
0.9308	0
0.9312	0
0.9321	0
0.9358	0
0.9454	0
0.9471	0
0.9483	0
0.9483	0
0.95	0
0.9575	0
0.9583	0
0.9608	0
0.9612	0.1
0.9804	0
0.9771	0.1
0.9767	-0.1
0.9771	0.1
0.9779	-0.1
0.9779	0.1
0.9779	-0.1
0.9779	0.1
0.9779	-0.1
0.9779	0.1
0.9779	-0.1
0.9779	0.1
0.9779	-0.1
0.9783	0.1
0.9783	-0.1
0.98	0.1
0.9825	-0.1
0.9829	0.1
0.9837	-0.1
0.9979	0.1
0.9987	-0.1
0.9987	0.1
0.9987	-0.1
0.9987	0.1
0.9987	-0.1
0.9987	0.1
0.9987	-0.1
0.9987	0.1
0.9987	-0.1
0.9987	0.2
0.9987	-0.1
0.9987	0.2
0.9992	-0.1
0.9996	0.1
1	-0.1
1.0008	0.1
1.0113	-0.1
1.0117	0.1
1.0175	-0.1
1.0213	0.1
1.0225	-0.1
1.0225	0.1
1.0225	-0.1
1.0225	0.1
1.0225	-0.1
1.0225	0.1
1.0225	-0.1
1.0242	0.1
1.0313	-0.1
1.0379	0.1
1.0433	-0.1
1.0479	0
1.0479	0
1.0479	0
1.0479	0
1.0479	0
1.0479	0
1.0479	0
1.0479	0
1.0479	0
1.0504	0
1.0567	0
1.0658	0
1.0733	0
1.0771	0
1.0771	0
1.0771	0
1.0771	0
1.0771	0
1.0771	0
1.0771	0.1
1.0771	0
1.0792	0.1
1.0825	0
1.0896	0.1
1.0946	0
1.1012	0.1
1.1021	0
1.1025	0.1
1.1025	0
1.1025	0.1
1.1025	0
1.1025	0.2
1.1025	0
1.1033	0.2
1.1108	0
1.1175	0.2
1.1275	0
1.13	0.2
1.13	0
1.1304	0.2
1.1304	0
1.1304	0.2
1.1304	0
1.1304	0.2
1.1304	0
1.1304	0.2
1.1304	0
1.1304	0.2
1.1304	0
1.1304	0.2
1.1312	0
1.1379	0.2
1.1421	-0.1
1.1488	0.2
1.1579	-0.1
1.16	0.1
1.16	-0.1
1.16	0.1
1.16	-0.1
1.16	0.1
1.16	-0.1
1.16	0.1
1.16	-0.1
1.16	0.1
1.1625	-0.1
1.1683	0.1
1.1721	-0.1
1.1788	0.1
1.1833	0
1.1842	0.1
1.1842	0
1.1842	0.1
1.1842	0
1.1842	0.1
1.1842	0
1.1842	0.1
1.1842	0
1.1842	0.1
1.1871	0
1.1921	0.1
1.1992	0.1
1.2054	0.2
1.2125	0.1
1.2175	0.2
1.2179	0.1
1.2179	0.2
1.2179	0.1
1.2179	0.2
1.2179	0.1
1.2179	0.1
1.2179	0.1
1.2179	0.1
1.2179	0.1
1.2179	0.1
1.2192	0.2
1.2246	0.2
1.2304	0.2
1.2379	0.1
1.2433	0.2
1.2458	0.1
1.2458	0.2
1.2458	0.1
1.2458	0.2
1.2458	0.1
1.2458	0.2
1.2458	0.1
1.2458	0.2
1.2458	0.1
1.2458	0.2
1.2488	0.1
1.2521	0.2
1.26	0
1.2658	0.2
1.27	0
1.27	0.2
1.27	0
1.27	0.2
1.27	0
1.27	0.2
1.27	0
1.27	0.2
1.2742	0
1.28	0.2
1.29	-0.1
1.2963	0.1
1.2958	-0.1
1.2958	0.1
1.2958	-0.1
1.2958	0.2
1.2958	-0.1
1.2958	0.2
1.2958	-0.1
1.2963	0.2
1.3013	-0.1
1.3075	0.2
1.3154	0
1.3233	0.3
1.3246	0
1.3246	0.3
1.3246	0
1.3246	0.3
1.3246	0
1.3246	0.3
1.3246	0
1.3246	0.3
1.3246	0
1.3263	0.3
1.3283	0.1
1.3308	0.3
1.3354	0.1
1.3408	0.3
1.3433	0.1
1.3454	0.4
1.35	0.2
1.3521	0.4
1.3571	0.2
1.3571	0.4
1.3567	0.2
1.3567	0.3
1.3567	0.2
1.3567	0.4
1.3567	0.2
1.3567	0.3
1.3567	0.2
1.3567	0.3
1.3567	0.2
1.3571	0.3
1.3629	0.2
1.3696	0.3
1.3763	0.2
1.38	0.3
1.3808	0.2
1.3829	0.3
1.3829	0.2
1.3829	0.2
1.3829	0.2
1.3829	0.2
1.3829	0.3
1.3829	0.2
1.3829	0.2
1.3833	0.2
1.3883	0.2
1.3933	0.1
1.3954	0.2
1.4042	0.1
1.4037	0.2
1.4042	0.1
1.4042	0.2
1.4042	0
1.4042	0.2
1.4042	0.1
1.4042	0.2
1.4042	0
1.4042	0.2
1.4042	0
1.4054	0.2
1.4092	0
1.4154	0.2
1.4175	0
1.4292	0.2
1.4313	0
1.4313	0.2
1.4313	0
1.4313	0.2
1.4313	0
1.4313	0.2
1.4313	0
1.4313	0.2
1.4313	0
1.4329	0.2
1.4329	0
1.4342	0.2
1.4346	0
1.4354	0.3
1.4554	0
1.4554	0.3
1.455	0.1
1.455	0.3
1.455	0.1
1.455	0.3
1.455	0.1
1.455	0.3
1.455	0.1
1.455	0.3
1.455	0.1
1.4554	0.3
1.4562	0.1
1.4588	0.4
1.4642	0.2
1.4667	0.5
1.4675	0.2
1.4675	0.5
1.4675	0.2
1.4675	0.5
1.4675	0.2
1.4675	0.4
1.4675	0.2
1.4675	0.4
1.4675	0.2
1.4675	0.4
1.4725	0.3
1.4783	0.5
1.4862	0.3
1.4925	0.5
1.4929	0.3
1.4929	0.5
1.4929	0.3
1.4929	0.5
1.4929	0.3
1.4929	0.5
1.4929	0.3
1.4929	0.4
1.4929	0.4
1.4929	0.4
1.4987	0.3
1.5021	0.4
1.5113	0.2
1.5158	0.3
1.5167	0.2
1.5167	0.3
1.5167	0.2
1.5167	0.2
1.5167	0.2
1.5167	0.2
1.5167	0.2
1.5167	0.2
1.5167	0.2
1.5171	0.2
1.5213	0.2
1.525	0.1
1.53	0.2
1.5325	0.1
1.5342	0.1
1.535	0.1
1.5354	0.1
1.5354	0.1
1.5354	0.2
1.5354	0
1.5354	0.2
1.5354	0
1.5354	0.2
1.5354	0
1.5354	0.2
1.5354	0
1.5354	0.2
1.5354	0
1.5375	0.2
1.5383	0
1.5396	0.2
1.5413	0
1.5421	0.2
1.5442	0
1.5446	0.2
1.545	0
1.5458	0.2
1.5458	0
1.5458	0.2
1.5458	0
1.5458	0.2
1.5458	0
1.5458	0.2
1.5458	0
1.5458	0.2
1.5463	0
1.5496	0.2
1.555	0
1.5563	0.2
1.5567	0
1.5579	0.2
1.5579	0
1.5579	0.2
1.5579	0
1.5579	0.2
1.5579	0
1.5579	0.2
1.5579	0
1.5579	0.2
1.5583	0
1.5646	0.3
1.5683	0.1
1.5712	0.3
1.5742	0.1
1.5746	0.4
1.5746	0.1
1.5746	0.4
1.5746	0.1
1.5746	0.4
1.5746	0.1
1.5746	0.4
1.5746	0.1
1.5746	0.3
1.5746	0.2
1.5821	0.4
1.5842	0.2
1.5929	0.5
1.5963	0.3
1.5992	0.5
1.5987	0.3
1.5987	0.5
1.5987	0.4
1.5992	0.5
1.5983	0.4
1.5983	0.5
1.5987	0.4
1.5987	0.5
1.5987	0.4
1.5987	0.5
1.5987	0.4
1.5987	0.5
1.5987	0.4
1.5987	0.5
1.6	0.4
1.6029	0.5
1.6083	0.4
1.6092	0.5
1.6092	0.4
1.6092	0.5
1.6092	0.4
1.6092	0.5
1.6092	0.5
1.6092	0.5
1.6092	0.5
1.6096	0.4
1.6163	0.5
1.6179	0.4
1.6183	0.5
1.6183	0.4
1.6183	0.5
1.6183	0.4
1.6183	0.5
1.6183	0.4
1.6183	0.5
1.6183	0.4
1.6183	0.5
1.6212	0.4
1.6263	0.5
1.63	0.3
1.6308	0.5
1.6308	0.3
1.6308	0.5
1.6308	0.3
1.6308	0.5
1.6308	0.3
1.6308	0.5
1.6308	0.3
1.6308	0.5
1.6308	0.3
1.6308	0.5
1.6308	0.3
1.6308	0.5
1.6308	0.3
1.6308	0.5
1.6308	0.3
1.6308	0.5
1.6308	0.3
1.6346	0.5
1.6367	0.2
1.6383	0.5
1.6383	0.2
1.6383	0.5
1.6383	0.2
1.6383	0.5
1.6383	0.2
1.6383	0.5
1.6392	0.2
1.6421	0.4
1.6433	0.2
1.6433	0.4
1.6433	0.2
1.6433	0.4
1.6433	0.2
1.6433	0.4
1.6433	0.2
1.6433	0.4
1.6504	0.1
1.6521	0.3
1.6554	0.1
1.6558	0.3
1.6558	0.1
1.6558	0.3
1.6558	0.1
1.6558	0.3
1.6558	0.1
1.6592	0.3
1.6658	0
1.6692	0.2
1.6696	0
1.6696	0.2
1.6696	0
1.6696	0.2
1.6696	0
1.6696	0.2
1.6696	0
1.67	0.2
1.6771	0
1.6842	0.2
1.6913	0.1
1.6925	0.2
1.6925	0.1
1.6925	0.2
1.6925	0.1
1.6925	0.2
1.6925	0.1
1.6925	0.2
1.7008	0.1
1.7079	0.3
1.7129	0.3
1.7137	0.3
1.7137	0.3
1.7137	0.3
1.7137	0.3
1.7137	0.3
1.7137	0.3
1.7137	0.3
1.7137	0.3
1.72	0.4
1.7258	0.4
1.7292	0.4
1.73	0.4
1.73	0.4
1.73	0.4
1.73	0.4
1.73	0.4
1.73	0.4
1.73	0.4
1.73	0.4
1.735	0.4
1.7375	0.4
1.7475	0.5
1.7471	0.4
1.7471	0.5
1.7471	0.3
1.7471	0.5
1.7471	0.4
1.7471	0.5
1.7475	0.3
1.7562	0.4
1.7617	0.2
1.7667	0.4
1.7667	0.2
1.7667	0.4
1.7667	0.2
1.7667	0.4
1.7667	0.2
1.7667	0.4
1.7679	0.2
1.7754	0.3
1.7833	0.1
1.7892	0.2
1.7921	0
1.7921	0.2
1.7921	0
1.7921	0.2
1.7921	0
1.7921	0.2
1.7921	0
1.7921	0.3
1.7921	0
1.7942	0.2
1.8063	0
1.8125	0.2
1.8146	0
1.8146	0.2
1.8146	0
1.8146	0.2
1.8146	0
1.8146	0.2
1.8146	0
1.8212	0.2
1.8254	0
1.8312	0.3
1.8342	0
1.8342	0.3
1.8342	0.1
1.8342	0.3
1.8342	0
1.8342	0.3
1.8342	0
1.84	0.3
1.8446	0.1
1.8521	0.4
1.8542	0.1
1.8542	0.4
1.8542	0.1
1.8542	0.4
1.8542	0.1
1.8542	0.3
1.8542	0.1
1.8629	0.4
1.8663	0.2
1.8783	0.3
1.8796	0.2
1.8796	0.3
1.8796	0.2
1.8796	0.3
1.8796	0.2
1.8796	0.3
1.8796	0.2
1.8854	0.3
1.8904	0.1
1.8967	0.2
1.8962	0.1
1.8962	0.2
1.8962	0.1
1.8962	0.2
1.8962	0.2
1.8962	0.2
1.8962	0.1
1.8962	0.2
1.8962	0.2
1.8975	0.2
1.9046	0.1
1.9088	0.1
1.9108	0.1
1.9108	0.1
1.9108	0.1
1.9108	0.1
1.9108	0.1
1.9108	0.1
1.9108	0.1
1.9112	0
1.9183	0.1
1.9258	0
1.9296	0.1
1.9296	0
1.9296	0.1
1.9296	0
1.9296	0.1
1.9296	0
1.9296	0.1
1.9296	0
1.9296	0.1
1.9296	0
1.9392	0.1
1.9433	0
1.9521	0.1
1.9579	0
1.9579	0.1
1.9579	0
1.9579	0.1
1.9579	-0.1
1.9579	0.2
1.9579	-0.1
1.9579	0.2
1.9583	0
1.9625	0.2
1.9696	0
1.9737	0.2
1.975	0
1.9754	0.2
1.9754	0
1.9754	0.2
1.9754	0
1.9754	0.2
1.9754	0
1.9754	0.2
1.9754	0
1.9754	0.2
1.9767	0
1.9838	0.2
1.9883	0
1.995	0.2
1.9979	0
1.9979	0.2
1.9979	0
1.9979	0.2
1.9979	0
1.9979	0.2
1.9979	0
2.0004	0.2
2.0108	0
2.0154	0.2
2.0204	0
2.0217	0.2
2.0217	0
2.0221	0.2
2.0221	0
2.0221	0.2
2.0221	0
2.0221	0.1
2.0221	0
2.0221	0.1
2.0233	0
2.0275	0.1
2.0308	0
2.0383	0.1
2.0433	0
2.0462	0.1
2.0467	0
2.0467	0
2.0467	0
2.0467	0
2.0467	0
2.0467	0
2.0467	0
2.0467	0
2.0504	0
2.0529	0
2.0587	0
2.0617	0
2.0654	0
2.0662	0
2.0662	0
2.0662	0
2.0662	0
2.0662	0
2.0662	0
2.0662	0
2.0662	0
2.0662	0
2.0662	0
2.0717	0
2.0767	0
2.0829	0
2.0833	0
2.0833	-0.1
2.0833	0
2.0833	-0.1
2.0833	0
2.0833	-0.1
2.0833	0
2.0833	-0.1
2.0896	0.1
2.0925	-0.1
2.0996	0
2.1017	-0.1
2.1017	0.1
2.1017	-0.1
2.1017	0.1
2.1017	-0.2
2.1017	0.1
2.1017	-0.2
2.1017	0.1
2.1017	-0.1
2.1017	0.1
2.1017	-0.2
2.1042	0.1
2.1112	-0.1
2.1154	0.1
2.1183	-0.2
2.1187	0.1
2.1187	-0.2
2.1187	0.1
2.1187	-0.2
2.1187	0.1
2.1187	-0.2
2.1187	0.1
2.1187	-0.2
2.12	0.1
2.1304	-0.2
2.1333	0.1
2.1392	-0.2
2.1392	0.1
2.1392	-0.2
2.1392	0.1
2.1392	-0.1
2.1392	0.1
2.1392	-0.2
2.1392	0.1
2.1392	-0.2
2.1392	0.1
2.1392	-0.2
2.1392	0.1
2.1392	-0.1
2.1412	0.1
2.1479	-0.2
2.1517	0.1
2.1533	-0.1
2.1608	0.1
2.1608	-0.1
2.1608	0.1
2.1608	-0.1
2.1608	0.1
2.1608	-0.1
2.1608	0
2.1608	-0.1
2.1608	0.1
2.1608	-0.1
2.1608	0
2.1617	-0.1
2.1646	0
2.1725	0
2.1758	0
2.1783	0
2.1796	0
2.1796	0
2.1796	0
2.1796	0
2.1796	0
2.1796	0
2.18	0
2.1808	0
2.1896	0
2.1921	0
2.1983	0
2.1987	0
2.1987	0
2.1987	0
2.1987	0
2.1987	0
2.1987	0
2.2004	0
2.2079	0
2.2112	0.1
2.2167	0
2.22	0.1
2.22	0
2.22	0.1
2.22	0
2.22	0.1
2.22	0
2.22	0.1
2.22	0
2.22	0.1
2.22	0
2.2221	0.1
2.2283	0
2.2358	0.2
2.2404	0
2.2404	0.2
2.2404	0
2.2404	0.2
2.2404	0
2.2404	0.2
2.2404	0
2.2404	0.2
2.2417	0
2.2462	0.3
2.2508	0.1
2.2554	0.3
2.2579	0.1
2.2592	0.3
2.2592	0.1
2.2592	0.3
2.2592	0.1
2.2592	0.3
2.2592	0.1
2.2592	0.3
2.2592	0.1
2.2642	0.3
2.2658	0.1
2.2708	0.3
2.2758	0.1
2.2787	0.3
2.2783	0.1
2.2783	0.3
2.2783	0.1
2.2783	0.3
2.2783	0.1
2.2783	0.3
2.2783	0.1
2.2804	0.3
2.2854	0.1
2.2929	0.3
2.2983	0
2.3017	0.3
2.3017	0
2.3017	0.2
2.3017	0
2.3017	0.2
2.3017	0.1
2.3017	0.2
2.3025	0
2.305	0.2
2.3087	0
2.3108	0.2
2.3129	0
2.3154	0.2
2.3175	0.1
2.32	0.2
2.3204	0.1
2.3204	0.2
2.3204	0.1
2.3204	0.1
2.3204	0.1
2.3204	0.1
2.3204	0.1
2.3204	0.1
2.3233	0.1
2.3321	0.2
2.3337	0.2
2.3412	0.2
2.3412	0.2
2.3412	0.3
2.3412	0.3
2.3412	0.2
2.3412	0.3
2.3412	0.2
2.3412	0.3
2.3412	0.2
2.3412	0.3
2.3458	0.3
2.35	0.4
2.3554	0.4
2.36	0.6
2.3629	0.5
2.3629	0.7
2.3629	0.5
2.3629	0.6
2.3629	0.5
2.3629	0.6
2.3629	0.5
2.3629	0.7
2.3629	0.5
2.3629	0.7
2.3629	0.5
2.3629	0.7
2.3629	0.5
2.3637	0.7
2.3675	0.6
2.3754	0.9
2.3837	0.8
2.3892	1
2.3908	0.8
2.3908	1
2.3908	0.8
2.3908	1
2.3908	0.8
2.3908	1
2.3908	0.8
2.3908	1
2.3908	0.8
2.3958	1
2.4025	0.8
2.4142	1
2.4167	0.6
2.4187	0.9
2.4187	0.6
2.4187	0.9
2.4187	0.6
2.4187	0.9
2.4187	0.6
2.4187	0.9
2.4196	0.6
2.4262	0.8
2.4287	0.4
2.435	0.6
2.4375	0.3
2.4383	0.6
2.4383	0.3
2.4383	0.6
2.4383	0.3
2.4383	0.6
2.4383	0.4
2.4383	0.6
2.4383	0.4
2.4437	0.5
2.4475	0.3
2.4587	0.5
2.4625	0.5
2.4637	0.6
2.4642	0.5
2.4642	0.6
2.4642	0.5
2.4642	0.6
2.4642	0.5
2.4642	0.6
2.4642	0.5
2.4642	0.6
2.4675	0.6
2.4746	0.9
2.4829	1.2
2.4879	1.5
2.4912	1.6
2.4912	1.6
2.4912	1.5
2.4912	1.6
2.4912	1.6
2.4912	1.6
2.4912	1.6
2.4912	1.6
2.4912	1.6
2.4929	1.7
2.5012	2
2.5079	2.2
2.5121	2.3
2.5121	2.3
2.5121	2.3
2.5121	2.3
2.5121	2.3
2.5121	2.3
2.5121	2.4
2.5121	2.3
2.5146	2.4
2.525	2.4
2.5279	2.5
2.54	2.2
2.5412	2.2
2.5412	2.1
2.5412	2.2
2.5412	2.1
2.5412	2.2
2.5412	2.1
2.5412	2.3
2.5417	2
2.5442	2
2.5446	1.6
2.5554	1.6
2.5608	1.2
2.5625	1.5
2.5625	1.3
2.5625	1.5
2.5625	1.3
2.5625	1.5
2.5625	1.3
2.5625	1.5
2.5625	1.3
2.5646	1.3
2.5646	1
2.5721	1.1
2.5771	0.8
2.5783	1
2.5808	0.8
2.5808	1
2.5808	0.8
2.5808	1
2.5808	0.8
2.5808	1
2.5808	0.8
2.5808	1
2.5808	0.8
2.5846	1.1
2.5921	1
2.5942	1.4
2.5979	1.2
2.5979	1.5
2.5979	1.2
2.5979	1.5
2.5979	1.2
2.5979	1.4
2.5979	1.2
2.5979	1.4
2.5979	1.3
2.5983	1.7
2.6058	1.8
2.6083	2.3
2.6117	2.4
2.6125	2.7
2.6129	2.5
2.6129	2.7
2.6129	2.6
2.6129	2.7
2.6129	2.6
2.6129	2.7
2.6129	2.6
2.6133	2.8
2.6192	3.1
2.6225	3.7
2.6321	4.1
2.6358	4.5
2.64	4.7
2.6408	4.8
2.6408	4.8
2.6408	4.8
2.6408	4.8
2.6408	4.8
2.6408	4.8
2.6408	4.8
2.6408	4.8
2.6408	4.7
2.6408	4.8
2.6417	4.8
2.6458	5
2.6475	5
2.6479	5.1
2.6479	5
2.6479	5.1
2.6479	5
2.6479	5.1
2.6479	5
2.6479	5.1
2.6479	5
2.6479	5.1
2.6479	5
2.6517	5.1
2.6525	4.9
2.6529	5.1
2.6579	4.9
2.6592	5
2.6612	4.7
2.6612	4.9
2.6612	4.7
2.6612	4.9
2.6612	4.7
2.6612	4.9
2.6612	4.7
2.6612	4.9
2.6612	4.7
2.6612	4.8
2.6654	4.5
2.6658	4.7
2.6662	4.3
2.6687	4.5
2.6692	4.2
2.6712	4.3
2.6733	3.9
2.6754	4
2.6767	3.7
2.6767	3.9
2.6767	3.7
2.6767	3.9
2.6767	3.7
2.6767	4
2.6767	3.7
2.6767	3.9
2.6767	3.7
2.6767	4
2.6767	3.7
2.6783	3.8
2.6821	3.2
2.6837	3.3
2.6875	2.8
2.6875	2.9
2.6887	2.6
2.6887	2.8
2.6887	2.6
2.6887	2.8
2.6887	2.6
2.6887	2.8
2.6887	2.6
2.6887	2.8
2.6887	2.7
2.6908	2.6
2.6958	2.1
2.6987	2.1
2.6992	2
2.6992	2.1
2.6992	2
2.6992	2.1
2.6992	2
2.6992	2.1
2.6992	2
2.6992	2.1
2.6992	2
2.6992	2.1
2.6992	2
2.6992	2
2.6992	2
2.6992	2
2.6992	2
2.6992	2
2.6992	2
2.6992	2
2.6992	2
2.6992	1.9
2.7008	1.9
2.7025	1.8
2.7029	1.8
2.7046	1.8
2.7046	1.8
2.7046	1.7
2.7046	1.8
2.7046	1.7
2.7046	1.8
2.7046	1.7
2.7046	1.9
2.7046	1.7
2.7046	1.9
2.7062	1.7
2.7075	1.8
2.7087	1.7
2.7112	1.9
2.7129	1.8
2.7129	1.9
2.7137	1.8
2.7142	2
2.7142	1.8
2.7142	2
2.7142	1.8
2.7142	2
2.7142	1.8
2.7142	2
2.7142	1.8
2.7142	2
2.7142	1.8
2.7142	2
2.7154	1.9
2.7167	2.1
2.7183	2.1
2.7212	2.5
2.7229	2.5
2.7308	2.9
2.73	2.6
2.73	2.9
2.73	2.6
2.73	2.9
2.73	2.7
2.73	2.9
2.73	2.7
2.73	2.9
2.73	2.7
2.73	2.9
2.73	2.7
2.7308	3.1
2.7308	2.9
2.7308	3.2
2.7308	2.9
2.7308	3.2
2.7325	3.2
2.7342	3.6
2.7342	3.5
2.7342	3.7
2.7342	3.5
2.7342	3.7
2.7342	3.6
2.7342	3.7
2.7342	3.6
2.7342	3.7
2.7342	3.6
2.7342	3.7
2.7342	3.6
2.7346	3.7
2.7367	3.8
2.7367	4.1
2.7404	4.4
2.7421	4.8
2.7421	4.7
2.7421	4.8
2.7421	4.7
2.7421	4.7
2.7421	4.7
2.7421	4.7
2.7421	4.7
2.7421	4.7
2.7421	4.8
2.7421	4.7
2.7421	4.8
2.7421	4.7
2.7425	5
2.7433	5.1
2.7433	5.2
2.7433	5.3
2.7437	5.5
2.7437	5.4
2.7437	5.5
2.7437	5.4
2.7437	5.5
2.7437	5.4
2.7437	5.5
2.7437	5.4
2.7437	5.6
2.7437	5.4
2.7437	5.6
2.7437	5.4
2.7437	5.6
2.7437	5.4
2.7437	5.6
2.7437	5.3
2.7437	5.6
2.7475	5.5
2.7479	5.9
2.7504	6.1
2.7512	6.4
2.7512	6.2
2.7512	6.4
2.7512	6.2
2.7512	6.4
2.7512	6.1
2.7512	6.4
2.7512	6.1
2.7512	6.4
2.7512	6.1
2.7512	6.4
2.7512	6.1
2.7512	6.3
2.7512	6
2.7517	6.4
2.7517	6.2
2.7521	6.6
2.7521	6.5
2.7537	6.9
2.7537	6.7
2.7537	6.9
2.7537	6.7
2.7537	7
2.7537	6.8
2.7537	7
2.7537	6.8
2.7537	7
2.7537	6.8
2.7537	7
2.7537	6.8
2.7537	7
2.7537	6.8
2.7537	6.9
2.7537	6.8
2.7537	6.9
2.7567	7
2.7567	7.2
2.7567	7.1
2.7575	7.3
2.7587	7.4
2.7596	7.7
2.7637	7.9
2.7637	8.1
2.7637	8
2.7637	8.1
2.7637	8.1
2.7637	8.1
2.7637	8
2.7637	8.1
2.7637	8.1
2.7637	8
2.7637	8.1
2.7637	8
2.7642	8.2
2.7642	8.2
2.7646	8.3
2.7646	8.3
2.7646	8.4
2.7687	8.4
2.7704	8.6
2.7708	8.6
2.7708	8.7
2.7708	8.6
2.7708	8.7
2.7708	8.6
2.7708	8.7
2.7708	8.6
2.7708	8.7
2.7708	8.5
2.7708	8.7
2.7708	8.5
2.7708	8.7
2.7717	8.6
2.7721	8.8
2.7721	8.7
2.7721	8.9
2.7725	8.7
2.7775	9
2.7779	8.8
2.7779	9
2.7779	8.8
2.7779	9
2.7779	8.8
2.7779	9
2.7779	8.8
2.7779	9
2.7779	8.8
2.7779	9
2.7779	8.8
2.7779	9
2.7779	8.8
2.7779	9
2.7792	8.8
2.78	9
2.7812	8.8
2.7821	9
2.7825	8.8
2.7837	9
2.7837	8.8
2.7837	9
2.7837	8.8
2.7837	9
2.7837	8.8
2.7837	9
2.7837	8.8
2.7837	9
2.7837	8.8
2.7837	9
2.7842	8.8
2.7867	8.8
2.7875	8.6
2.7892	8.7
2.7896	8.5
2.7904	8.5
2.7904	8.4
2.7904	8.6
2.7904	8.5
2.7904	8.5
2.7904	8.5
2.7904	8.5
2.7904	8.5
2.7908	8.4
2.7929	8.3
2.7929	8.2
2.7929	8
2.7975	7.9
2.7975	7.7
2.7975	7.7
2.7975	7.8
2.7975	7.7
2.7975	7.8
2.7975	7.7
2.7975	7.8
2.7975	7.7
2.7975	7.8
2.7975	7.7
2.7975	7.8
2.7979	7.5
2.7983	7.4
2.7992	7
2.8021	6.8
2.8021	6.6
2.8021	6.8
2.8021	6.6
2.8021	6.8
2.8021	6.7
2.8021	6.8
2.8021	6.6
2.8021	6.8
2.8021	6.6
2.8021	6.9
2.8021	6.7
2.8033	6.6
2.8042	6.1
2.8079	5.9
2.8104	5.2
2.8121	5.1
2.8125	4.9
2.8125	5.1
2.8125	4.9
2.8125	5.2
2.8125	4.9
2.8125	5.1
2.8125	4.9
2.8125	5.1
2.8125	4.9
2.8125	5.1
2.8146	4.6
2.8158	4.5
2.8187	4
2.8196	4
2.8229	3.5
2.8237	3.6
2.8271	3.1
2.8275	3.3
2.8275	3.1
2.8275	3.3
2.8275	3.1
2.8275	3.3
2.8275	3
2.8275	3.2
2.8275	3.1
2.8275	3.2
2.8275	3.1
2.8275	3.2
2.8275	3.1
2.8275	3.2
2.8283	3
2.8292	3.1
2.8292	3
2.8292	3.1
2.8292	3
2.8292	3.1
2.8292	2.9
2.8312	3
2.8312	2.9
2.8325	2.9
2.8325	2.9
2.8342	2.9
2.8342	2.9
2.8342	2.9
2.8342	2.9
2.8342	2.9
2.8342	2.9
2.8346	2.9
2.8346	3
2.8358	2.9
2.8362	3
2.8362	2.9
2.8362	3
2.8362	2.9
2.8367	3.1
2.8392	3
2.8392	3.1
2.8392	3
2.8392	3.1
2.8392	3
2.8396	3.2
2.84	3.1
2.84	3.2
2.84	3.1
2.84	3.3
2.84	3.1
2.84	3.3
2.84	3.1
2.84	3.3
2.84	3.1
2.84	3.3
2.84	3
2.84	3.3
2.84	3
2.8421	3.4
2.8437	3.3
2.8442	3.8
2.8483	3.8
2.8483	4.2
2.8492	4.2
2.8492	4.4
2.8492	4.2
2.8492	4.5
2.8492	4.3
2.8492	4.5
2.8492	4.2
2.8492	4.5
2.8492	4.2
2.8492	4.4
2.8492	4.2
2.8496	4.5
2.8517	4.4
2.8517	4.7
2.8517	4.4
2.8517	4.7
2.8517	4.6
2.8517	5
2.8537	4.9
2.8542	5.2
2.8542	5
2.8542	5.2
2.8542	5.1
2.8542	5.2
2.8542	5.1
2.8546	5.4
2.8546	5.3
2.855	5.6
2.855	5.4
2.855	5.5
2.8554	5.5
2.8558	5.6
2.8562	5.7
2.8567	5.9
2.8567	5.9
2.8567	6.1
2.8567	6
2.8567	6.1
2.8567	6.1
2.8567	6.1
2.8567	6.1
2.8567	6.1
2.8567	6.1
2.8567	6
2.8567	6.1
2.8596	6.5
2.8687	7.1
2.8696	7.8
2.87	8.2
2.87	8.2
2.87	8.3
2.87	8.2
2.87	8.3
2.87	8.2
2.87	8.3
2.87	8.2
2.87	8.3
2.87	8.1
2.87	8.3
2.8729	8.6
2.8733	9.5
2.8792	9.8
2.8808	10.3
2.8808	10.1
2.8808	10.3
2.8808	10.1
2.8808	10.3
2.8808	10.1
2.8808	10.3
2.8808	10
2.8808	10.3
2.8808	10
2.8808	10.3
2.8812	10.5
2.8812	11.2
2.8833	11.3
2.8875	11.8
2.8875	11.6
2.8879	11.9
2.8879	11.6
2.8879	11.9
2.8879	11.6
2.8879	11.8
2.8879	11.6
2.8879	11.8
2.8879	11.5
2.8879	11.8
2.8879	11.7
2.8883	12.3
2.8887	12.3
2.8908	13
2.8912	12.8
2.8912	13
2.8912	12.9
2.8912	13.1
2.8912	13
2.8912	13.1
2.8912	12.9
2.8912	13
2.8912	12.9
2.8912	13
2.8912	12.9
2.8917	13.1
2.8983	13.5
2.9	14.1
2.9037	14.1
2.9037	14.2
2.9037	14.1
2.9037	14.2
2.9037	14.2
2.9037	14.2
2.9037	14.2
2.9037	14.2
2.9037	14.2
2.9042	14.2
2.9058	14.3
2.9062	14.3
2.9079	14.3
2.9096	14.2
2.9096	14.3
2.9096	14.2
2.9096	14.3
2.9096	14.2
2.9096	14.3
2.9096	14.2
2.9096	14.3
2.9104	14.1
2.9133	14.2
2.9137	13.8
2.9162	13.7
2.9175	13.5
2.9175	13.7
2.9175	13.5
2.9175	13.7
2.9175	13.5
2.9175	13.7
2.9175	13.5
2.9175	13.7
2.9179	13.2
2.9179	13.3
2.9192	12.9
2.9217	13
2.9221	12.4
2.9254	12.3
2.9254	12.1
2.9254	12.4
2.9254	12.1
2.9254	12.3
2.9254	12.2
2.9254	12.4
2.9254	12.2
2.9254	12.4
2.9254	12.1
2.9254	12.3
2.9254	11.9
2.9254	11.9
2.9267	11.3
2.9271	11.3
2.9275	10.8
2.9279	10.7
2.9283	10.5
2.9283	10.8
2.9283	10.5
2.9283	10.8
2.9283	10.5
2.9283	10.8
2.9283	10.4
2.9283	10.8
2.9283	10.5
2.9312	10
2.9375	9.1
2.9387	8.6
2.9404	8.1
2.9412	8.3
2.9412	8.2
2.9412	8.4
2.9412	8.3
2.9412	8.4
2.9412	8.2
2.9412	8.3
2.9412	8.2
2.9417	7.8
2.9446	7.2
2.9492	6.3
2.9529	5.7
2.9546	5.5
2.9546	5.4
2.9546	5.5
2.9546	5.5
2.9546	5.5
2.9546	5.4
2.9546	5.4
2.9546	5.4
2.9546	5.4
2.9546	5.4
2.9546	5.4
2.9546	5.5
2.9546	5.4
2.9546	5.5
2.9546	5.5
2.9546	5.5
2.9546	5.5
2.9546	5.6
2.9546	5.5
2.9546	5.6
2.9546	5.5
2.9546	5.6
2.9546	5.4
2.9546	5.6
2.9546	5.4
2.9546	5.6
2.9546	5.4
2.9546	5.6
2.9546	5.3
2.9546	5.6
2.955	5.3
2.955	5.2
2.9596	4.8
2.9612	4.8
2.9612	4.6
2.9612	4.8
2.9612	4.5
2.9612	4.8
2.9612	4.5
2.9612	4.8
2.9612	4.6
2.9612	4.8
2.9612	4.5
2.9612	4.8
2.9612	4.6
2.9621	4.7
2.9642	4.4
2.9675	4.7
2.9708	4.6
2.9721	5
2.9721	4.7
2.9721	5
2.9721	4.7
2.9721	5
2.9721	4.7
2.9721	4.9
2.9721	4.8
2.9737	5.2
2.9767	5.3
2.9783	5.9
2.98	6.1
2.9804	6.3
2.9804	6.1
2.9804	6.3
2.9804	6.2
2.9804	6.3
2.9804	6.2
2.9804	6.3
2.9804	6.2
2.9804	6.3
2.9804	6.2
2.9804	6.4
2.9808	6.5
2.9837	7
2.9854	7.3
2.9854	7.6
2.9854	7.6
2.9854	7.6
2.9854	7.5
2.9854	7.7
2.9854	7.6
2.9854	7.6
2.9854	7.7
2.9854	7.5
2.9854	7.6
2.9854	7.6
2.9862	8.1
2.9867	8.2
2.9867	8.5
2.9867	8.8
2.9892	9.4
2.9929	9.5
2.9937	9.6
2.9937	9.4
2.9942	10
2.9942	10.6
2.9946	11.3
2.995	11.5
2.995	11.8
2.995	11.7
2.995	11.9
2.995	11.6
2.995	11.7
2.995	11.6
2.995	11.8
2.9958	11.8
2.9962	13
2.9962	13.5
2.9962	14.4
2.9962	14.3
2.9962	14.4
2.9962	14.2
2.9962	14.5
2.9962	14.2
2.9962	14.4
2.9962	14.4
2.9962	14.6
2.9987	15.2
3.0108	16.8
3.0112	17.7
3.0167	18.8
3.0171	18.9
3.0171	19
3.0171	18.7
3.0171	18.9
3.0171	18.8
3.0171	19
3.0171	18.8
3.0179	19.5
3.0183	19.7
3.0187	20.2
3.025	20.3
3.0262	20.7
3.0262	20.5
3.0262	20.7
3.0262	20.5
3.0262	20.7
3.0262	20.5
3.0262	20.7
3.0262	20.5
3.0262	20.6
3.0262	20.6
3.0262	20.6
3.0262	20.6
3.0262	20.7
3.0262	20.7
3.0262	20.9
3.0267	20.8
3.0271	20.9
3.0283	21
3.0283	21
3.0283	21
3.0283	21
3.0283	21
3.0283	21
3.0283	21
3.0283	21
3.0283	21.1
3.0283	20.9
3.0283	21
3.0283	20.9
3.0287	21.1
3.0287	20.9
3.0287	21.1
3.0287	20.8
3.0287	20.9
3.0292	20.7
3.0292	20.7
3.0292	20.4
3.0292	20.6
3.0296	20.4
3.0296	20.5
3.0296	20.3
3.0296	20.5
3.0296	20.3
3.0296	20.5
3.0296	20.3
3.0296	20.6
3.0296	20.3
3.0296	20.3
3.0296	19.9
3.0296	20.1
3.03	19.7
3.0304	19.9
3.0529	19.1
3.0483	18.8
3.0529	17.7
3.0537	17.5
3.0542	17.2
3.0542	17.5
3.0542	17.3
3.0542	17.6
3.0542	17.5
3.0542	17.7
3.0542	17.3
3.0542	17.4
3.0542	17.1
3.055	16.7
3.0554	16
3.0554	15.8
3.0554	15.5
3.0612	15.2
3.0612	14.7
3.0617	14.4
3.0617	14.3
3.0617	14.5
3.0617	14.3
3.0617	14.6
3.0617	14.4
3.0617	14.5
3.0617	14.4
3.0617	14.5
3.0617	14.3
3.0617	14.5
3.0617	14.4
3.0617	14.5
3.0617	14.5
3.0617	14.5
3.0617	14.5
3.0617	14.5
3.0625	13.9
3.0625	13.6
3.0625	13.5
3.0625	13.3
3.0629	13
3.0629	12.9
3.065	12.9
3.0671	12.9
3.0675	12.9
3.0675	12.8
3.0675	12.8
3.0675	12.7
3.0675	12.9
3.0675	12.7
3.0675	12.9
3.0675	12.7
3.0675	12.8
3.0675	12.6
3.0675	12.8
3.0675	12.3
3.0679	12.1
3.0679	11.7
3.0692	11.6
3.0692	11.4
3.0708	10.9
3.0717	10.1
3.0729	9.9
3.0775	8.9
3.0775	9.1
3.0775	9
3.0775	9.2
3.0775	9
3.0775	9.3
3.0775	9
3.0775	9.3
3.0775	9
3.0775	9.3
3.0775	9.1
3.0775	9.3
3.0783	8.3
3.0812	8.3
3.0812	7.8
3.0812	8
3.0812	7.8
3.0833	7.7
3.0833	7.2
3.0846	7.2
3.0867	6.8
3.0879	6.9
3.0879	6.7
3.0879	6.9
3.0879	6.7
3.0879	6.9
3.0879	6.7
3.0879	6.9
3.0879	6.7
3.0879	6.9
3.0879	6.8
3.0879	6.9
3.0879	6.8
3.0879	6.9
3.0879	6.6
3.0879	6.7
3.0883	6.6
3.0883	6.6
3.0883	6.6
3.0892	6.5
3.0892	6.5
3.0892	6.5
3.0942	6.5
3.0942	6.4
3.0946	6.5
3.095	6.5
3.095	6.5
3.095	6.5
3.095	6.6
3.095	6.5
3.095	6.6
3.095	6.5
3.095	6.6
3.095	6.5
3.095	6.6
3.095	6.5
3.095	6.6
3.095	6.5
3.095	6.6
3.0983	6.6
3.0987	7
3.1	6.9
3.1	7.2
3.1	7.2
3.1	7.7
3.1004	7.7
3.1021	8.3
3.1021	8.1
3.1021	8.3
3.1021	8
3.1021	8.2
3.1021	8
3.1021	8.3
3.1021	8
3.1021	8.3
3.1021	8
3.1021	8.2
3.1021	8
3.1021	8.2
3.1021	8
3.1021	8.2
3.1021	7.9
3.1021	8.1
3.1021	7.9
3.1021	8.2
3.1021	7.9
3.1025	8.5
3.1037	8.7
3.105	9.2
3.1058	9.4
3.1067	9.9
3.1067	9.9
3.1083	10.4
3.1087	10.5
3.1096	10.9
3.1108	11.1
3.1112	11.6
3.1137	12.2
3.1137	12.6
3.1142	12.7
3.1146	12.9
3.1146	12.8
3.1146	12.9
3.1146	12.9
3.1146	12.9
3.1146	12.9
3.1146	12.9
3.1146	12.8
3.1146	12.8
3.1146	12.8
3.1146	12.8
3.1146	12.8
3.1167	13.9
3.1183	14.7
3.12	15.4
3.1217	16.3
3.1217	16.4
3.1217	16.4
3.1217	16.3
3.1217	16.4
3.1217	16.3
3.1217	16.5
3.1217	16.3
3.1217	16.5
3.1217	16.3
3.1217	16.5
3.1217	16.2
3.1217	16.4
3.1217	16.2
3.1217	16.4
3.1217	16.1
3.1217	16.4
3.1217	16.1
3.1246	17.5
3.1267	17.9
3.1267	18
3.1267	17.8
3.1267	18.1
3.1267	18
3.1267	18.3
3.1267	18
3.1267	18.3
3.1267	18
3.1267	18.3
3.1267	18
3.1267	18.3
3.1267	18
3.1267	18.3
3.1267	18
3.1267	18.2
3.1283	18.9
3.1296	19.9
3.1296	19.6
3.1296	19.8
3.1296	19.6
3.1296	19.9
3.1296	19.7
3.1296	19.9
3.1296	19.7
3.1296	19.9
3.1296	19.6
3.1296	19.8
3.1296	19.6
3.1317	20.8
3.1325	21.4
3.1346	21.9
3.1346	21.7
3.1346	21.9
3.1346	21.8
3.1346	22
3.1346	21.7
3.1346	22
3.1346	21.9
3.1346	22
3.1346	21.9
3.1346	21.9
3.135	22.8
3.1375	23.4
3.1404	24.6
3.1417	25.1
3.1417	25.2
3.1417	25.2
3.1417	25.2
3.1417	25.2
3.1417	25.2
3.1421	25.1
3.1425	25.2
3.1425	25.1
3.1425	25.3
3.1425	25.2
3.1425	25.2
3.1437	25.7
3.1442	26
3.145	26.3
3.1479	27.1
3.1483	27
3.1483	27.1
3.1483	26.8
3.1483	27
3.1483	26.9
3.1483	27.1
3.1483	26.9
3.1483	27
3.1483	26.9
3.1483	27.1
3.1483	26.9
3.1483	27.4
3.1512	27.7
3.1533	28.4
3.155	28.3
3.155	27.8
3.155	28.3
3.155	28.6
3.155	28.3
3.155	28.6
3.155	28.3
3.155	28.6
3.1554	28.5
3.1567	28.8
3.1579	28.7
3.1596	29
3.1621	28.7
3.1629	28.9
3.1633	28.7
3.1633	28.9
3.1633	28.7
3.1633	29
3.1633	28.7
3.1633	28.9
3.1633	28.7
3.1633	28.9
3.1633	28.7
3.1637	28.7
3.1679	28.3
3.1712	27.6
3.175	26.4
3.1754	26.2
3.1754	26.1
3.1754	26.2
3.1754	26
3.1754	26.1
3.1754	26
3.1754	26
3.1758	25.4
3.18	24.5
3.1808	23.5
3.1846	22.3
3.185	21.9
3.185	21.9
3.185	22.1
3.185	22.1
3.185	22.1
3.185	22
3.185	22.1
3.185	22
3.185	22
3.185	21.9
3.1875	20.8
3.1887	19.6
3.1896	19.1
3.1896	19
3.1896	19.1
3.1896	19
3.1896	19.1
3.1896	18.8
3.1896	19
3.1896	19
3.1896	19.3
3.1912	18
3.1937	17.4
3.195	16.3
3.1958	16.1
3.1958	15.9
3.1958	16.2
3.1958	16
3.1958	16.2
3.1958	16
3.1958	16.2
3.1958	16
3.1958	16.3
3.1958	16.1
3.1971	15.8
3.1983	14.8
3.2029	13.2
3.2029	12.5
3.2029	12.7
3.2029	12.4
3.2029	12.6
3.2029	12.4
3.2029	12.7
3.2029	12.5
3.2029	12.7
3.2029	12.5
3.2029	12.8
3.2029	12.5
3.2029	12.7
3.2029	12.4
3.2037	12.3
3.2067	11.4
3.2067	11.3
3.2067	11.1
3.2067	11.3
3.2067	11.1
3.2067	11.2
3.2067	11.1
3.2067	11.2
3.2067	11.1
3.2067	11.2
3.2067	11.1
3.2079	10.8
3.2108	9.9
3.2117	9.6
3.2117	9.4
3.2117	9.5
3.2117	9.5
3.2117	9.5
3.2117	9.5
3.2117	9.6
3.2117	9.5
3.2117	9.5
3.2117	9.5
3.2117	9.6
3.2133	9.2
3.2179	8.9
3.2183	8.8
3.2187	8.8
3.2187	8.8
3.2187	8.8
3.2187	8.8
3.2187	8.7
3.2187	8.8
3.2187	8.7
3.2187	8.8
3.2187	8.7
3.2187	8.9
3.2187	8.7
3.2225	8.9
3.2237	8.8
3.2254	9.2
3.2254	9.1
3.2254	9.2
3.2254	9
3.2254	9.2
3.2254	9
3.2254	9.2
3.2254	9
3.2254	9.2
3.2254	9
3.2254	9.2
3.2254	9
3.2254	9.2
3.2254	9
3.2254	9.2
3.2254	9
3.2254	9.2
3.2254	9
3.2254	9.2
3.2254	9
3.2254	9.2
3.2254	9
3.2254	9.2
3.2258	9.2
3.2271	9.7
3.2312	10
3.2312	10.5
3.2312	10.4
3.2312	10.6
3.2312	10.3
3.2312	10.6
3.2312	10.4
3.2312	10.5
3.2312	10.3
3.2312	10.6
3.2312	10.4
3.2321	11
3.2367	11.8
3.2383	13.3
3.2408	14
3.2408	14.2
3.2408	14
3.2408	14.2
3.2408	13.9
3.2408	14.1
3.2408	13.9
3.2408	14
3.2412	14.6
3.2433	15.6
3.2433	16.4
3.2479	17.1
3.2475	17.2
3.2475	17.2
3.2475	17.1
3.2475	17.1
3.2475	17.1
3.2475	17
3.2475	17.1
3.2475	17.2
3.2475	18
3.2479	18.8
3.2483	20.3
3.2517	21.2
3.2517	21.4
3.2517	21.2
3.2517	21.3
3.2517	21.1
3.2517	21.2
3.2517	21.1
3.2517	21.3
3.2517	21.2
3.2517	21.3
3.2517	21.1
3.2517	21.1
3.2521	21.6
3.2521	22.8
3.2521	22.8
3.2567	24.2
3.2567	24.8
3.2596	26.7
3.2608	27.7
3.2633	29.2
3.2637	29.1
3.2637	29.1
3.2637	28.7
3.2637	29
3.2637	28.8
3.2637	29.2
3.2637	28.8
3.2637	28.9
3.2637	28.7
3.2646	30.3
3.2687	31.7
3.2704	33.4
3.2737	34.4
3.275	35.1
3.2758	34.8
3.2758	35
3.2758	34.8
3.2758	35
3.2758	34.8
3.2758	35
3.2758	34.9
3.2758	35.1
3.2771	35.7
3.2792	36.4
3.2825	36.7
3.2833	37.1
3.2833	36.8
3.2833	37
3.2833	36.8
3.2833	36.9
3.2833	36.8
3.2833	36.9
3.2833	36.8
3.2833	37
3.2858	36.9
3.2867	37.1
3.2883	36.9
3.2883	37
3.2883	37
3.2883	37
3.2883	36.9
3.2883	36.9
3.2883	36.9
3.2883	36.9
3.2883	37
3.2887	36.9
3.29	36.8
3.2912	36.7
3.2912	36.6
3.2912	36.6
3.2912	36.5
3.2971	35.3
3.2987	34.2
3.3017	33.1
3.3025	33
3.3025	32.9
3.3025	33.1
3.3025	32.9
3.3025	33.1
3.3025	32.9
3.3025	33
3.3025	32.8
3.3025	33.1
3.3037	32.1
3.3058	31.1
3.3075	29.9
3.3092	29
3.3096	28.1
3.3096	28.4
3.3096	28.2
3.3096	28.4
3.3096	28.2
3.3096	28.3
3.3096	28.1
3.3096	28.3
3.3096	28.1
3.3096	28.5
3.3096	28.1
3.3096	28.3
3.3096	28
3.3117	27.5
3.3125	27.2
3.3125	27.6
3.3125	27.4
3.3125	27
3.3125	26.9
3.3133	26.2
3.3133	25.7
3.3137	25.2
3.3179	24.3
3.3183	23.3
3.3204	21.9
3.3212	21.4
3.3221	21.2
3.3221	21.3
3.3221	21.3
3.3221	21.5
3.3221	21.4
3.3221	21.6
3.3221	21.4
3.3221	21.7
3.3221	21.7
3.3225	20.9
3.3254	19.2
3.3287	17.4
3.3292	16.6
3.3292	16.6
3.3292	16.6
3.3292	16.7
3.3292	16.6
3.3292	16.6
3.3292	16.5
3.3292	16.5
3.3292	16.6
3.3321	15.6
3.3329	14.7
3.3337	13.6
3.3354	13
3.34	12.7
3.34	12.8
3.34	12.7
3.34	12.9
3.34	12.8
3.34	12.9
3.34	12.7
3.34	12.8
3.34	12.7
3.34	12.4
3.3408	11.7
3.3442	11.5
3.3446	11.1
3.3454	11.2
3.3496	10.9
3.3504	11.2
3.3525	11.3
3.3542	11.8
3.3542	11.6
3.3542	11.8
3.3542	11.5
3.3542	11.7
3.3542	11.5
3.3542	11.7
3.3542	11.5
3.3542	11.8
3.3542	11.7
3.3579	12.7
3.3592	13.5
3.3629	15.2
3.3646	15.9
3.3654	16.7
3.3654	16.5
3.3654	16.5
3.3654	16.2
3.3654	16.4
3.3654	16.2
3.3654	16.6
3.3654	16.4
3.3654	16.6
3.3654	16.3
3.3671	18
3.3683	18.7
3.3692	19.7
3.3712	20.4
3.3717	21.3
3.3729	22.7
3.3758	24.7
3.3787	26.7
3.3792	27.3
3.3792	27.2
3.3792	27.2
3.3792	27
3.3792	27.1
3.3792	27.1
3.3792	27.1
3.3792	27.2
3.3792	27.2
3.3792	27.2
3.3792	27.1
3.3792	27.6
3.38	29.1
3.38	29.9
3.38	31.1
3.38	31.1
3.3804	32
3.3804	32.9
3.3804	33.4
3.3808	34.3
3.3808	34.8
3.3925	36.6
3.3937	38.4
3.3937	38.8
3.3937	38.6
3.3937	38.8
3.3937	38.7
3.3937	38.9
3.3937	38.6
3.3937	38.7
3.3937	38.6
3.3937	38.8
3.3937	38.5
3.3937	38.8
3.3937	38.5
3.3937	38.7
3.3937	38.4
3.3937	38.6
3.3937	38.3
3.3937	39.1
3.3946	39.4
3.3946	39.9
3.3958	40.1
3.3958	40.4
3.3962	40.6
3.3962	40.7
3.3975	41.4
3.3975	41.9
3.3979	42.4
3.3979	42.9
3.3979	42.9
3.4008	43.2
3.4029	43.1
3.4029	43.2
3.4029	43
3.4029	43.2
3.4029	43
3.4029	43.1
3.4029	42.9
3.4029	43.1
3.4029	42.9
3.4037	43.8
3.4042	43.8
3.4042	44.3
3.4042	44.2
3.4042	44.5
3.4042	44.5
3.4042	44.6
3.4046	44.5
3.4046	44.6
3.4046	44.6
3.4046	44.6
3.4046	44.6
3.4046	44.6
3.4046	44.6
3.4046	44.6
3.4046	44.6
3.4046	44.6
3.4046	44.6
3.4046	44.6
3.4046	44.7
3.4058	44.6
3.4192	44.2
3.4192	44.1
3.4187	44.2
3.4192	44
3.4192	44.2
3.4192	44
3.4192	44.2
3.4192	44
3.4192	44.2
3.4192	44
3.4192	44.3
3.4192	44.1
3.4192	44.3
3.4192	44.2
3.4192	44.3
3.4192	44.1
3.4192	44.4
3.4196	43.7
3.42	43.4
3.42	43
3.42	43.2
3.42	43
3.4204	43.2
3.4204	43
3.4204	43.2
3.4204	43
3.4204	43.2
3.4204	43
3.4204	43.1
3.4212	42
3.4237	41.3
3.4267	39.8
3.4279	39.4
3.4279	38.9
3.4279	39.2
3.4279	38.9
3.4279	39.1
3.4279	39
3.4279	39.1
3.4279	38.9
3.4279	39.1
3.4279	39
3.4279	39.2
3.4283	38
3.4283	36.7
3.4287	35.6
3.4358	34.4
3.4383	32.5
3.4383	31.7
3.4383	31.7
3.4383	31.8
3.4383	31.8
3.4383	31.9
3.4383	32.1
3.4383	32.2
3.4383	32.2
3.4383	32.2
3.4387	31
3.4408	28.6
3.4408	28
3.4412	26.5
3.4412	25.9
3.4412	24.2
3.4412	22.9
3.4412	21
3.4421	20.6
3.4571	20.5
3.4571	20.6
3.4567	20.6
3.4562	20.7
3.4567	20.5
3.4567	20.8
3.4567	20.5
3.4567	20.7
3.4567	20.5
3.4571	19.2
3.4571	18.5
3.4579	18.8
3.4579	18
3.4579	18.2
3.4579	18
3.4579	18.2
3.4579	18
3.4579	18.3
3.4579	17.7
3.4579	17.2
3.4579	17
3.4579	16.8
3.4579	16.5
3.4579	16.7
3.4579	16.3
3.4579	16.5
3.4579	16.3
3.4579	16.1
3.4579	15.8
3.4579	15.2
3.4579	14.6
3.4583	14.5
3.4583	14.2
3.4583	14.4
3.4583	14.3
3.4583	14.5
3.4583	14.3
3.4583	14.5
3.4583	14.3
3.4583	14.4
3.4583	14.4
3.4583	14.5
3.4583	14.3
3.4583	14.4
3.4583	14.4
3.4583	14.4
3.4583	14.4
3.4583	14.1
3.4583	13.8
3.4583	13.5
3.4583	13.3
3.4583	13.2
3.4583	13.2
3.4587	13.1
3.4592	13.1
3.4629	13.1
3.4787	13.5
3.48	13.4
3.4783	13.5
3.4796	13.6
3.4796	13.7
3.4796	13.5
3.4796	13.7
3.4796	13.5
3.4796	13.7
3.4796	13.5
3.4796	13.7
3.4796	13.5
3.4796	14
3.4796	14.1
3.4796	14.3
3.4796	14.4
3.48	15.2
3.48	15
3.48	15.6
3.48	15.8
3.48	16.2
3.48	16.9
3.48	17.2
3.48	17.7
3.48	18.2
3.48	17.9
3.48	18.2
3.48	17.9
3.48	18.2
3.48	17.9
3.48	18.1
3.48	17.8
3.48	18.1
3.48	17.8
3.48	18
3.48	17.7
3.48	17.7
3.4804	18.8
3.4967	20.5
3.4954	22.1
3.4967	23
3.4975	23.9
3.4975	24.2
3.4975	24
3.4975	24
3.4975	24
3.4975	24
3.4975	24
3.4975	23.8
3.4975	23.7
3.4975	23.5
3.4979	24.9
3.4979	25.5
3.4983	26.1
3.5004	27.1
3.5017	27.7
3.5021	28.8
3.5021	29.3
3.5021	29.2
3.5021	29.2
3.5029	31.2
3.5029	32.9
3.5037	34.3
3.5079	35.4
3.5079	35.3
3.5079	35.4
3.5079	35.3
3.5079	35.4
3.5079	35.2
3.5079	35.4
3.5079	35.4
3.5079	35.5
3.5079	35.2
3.5083	35.9
3.5087	37.7
3.5117	38.7
3.5117	38.8
3.5121	39.8
3.5121	39.7
3.5137	41.1
3.5142	41.3
3.5142	41.8
3.5167	43
3.5171	43.2
3.5171	43
3.5171	43.1
3.5171	42.8
3.5171	43
3.5171	42.8
3.5171	43
3.5171	42.9
3.5171	43.1
3.5171	42.6
3.5171	42.7
3.5171	42.6
3.5171	42.9
3.5171	43.4
3.5183	44.3
3.5183	44.2
3.5196	45.3
3.5196	45.1
3.5204	46
3.5204	46
3.5208	46.3
3.5229	46.4
3.5229	46.8
3.5229	47
3.5229	47
3.5229	46.9
3.5229	46.9
3.5229	46.9
3.5229	46.8
3.5229	46.8
3.5229	46.9
3.5229	46.9
3.5229	46.9
3.5229	46.9
3.5229	46.8
3.5229	46.7
3.5229	46.7
3.5229	46.7
3.5229	46.9
3.5242	47.7
3.5242	47.7
3.525	48.4
3.5254	48.5
3.5254	48.8
3.5271	49
3.5287	49.4
3.5292	49.4
3.5292	49.6
3.5296	50
3.5296	50.5
3.5296	50.3
3.5296	50.5
3.5296	50.1
3.5296	50.4
3.5296	50.2
3.5296	50.4
3.5296	50.2
3.5296	50.5
3.5296	50.2
3.5296	50.5
3.5296	50.2
3.5304	50.8
3.5354	51.1
3.5358	51.5
3.5358	51.3
3.5358	51.6
3.5358	51.3
3.5358	51.6
3.5358	51.3
3.5358	51.6
3.5358	51.3
3.5358	51.6
3.5358	51.4
3.5358	51.5
3.5358	51.4
3.5358	51.6
3.5358	51.4
3.5358	51.5
3.5358	51.4
3.5358	51.5
3.5362	51.4
3.5383	51.5
3.5387	51.4
3.5396	51.4
3.5408	51.1
3.5412	51
3.5412	51
3.5412	51
3.5412	51
3.5412	51
3.5412	51
3.5412	51
3.5412	51
3.5412	51
3.5412	51
3.5412	50.9
3.5425	50.5
3.5454	49.9
3.5458	49.5
3.5458	49.2
3.5479	49
3.5479	48.9
3.5483	48
3.5483	47.6
3.5512	45.9
3.5521	44.7
3.5521	44.8
3.5521	44.6
3.5521	44.9
3.5521	44.7
3.5521	44.9
3.5521	44.7
3.5521	44.9
3.5521	44.7
3.5521	44.9
3.5521	44.8
3.5537	43.2
3.555	42.2
3.5554	41.7
3.5579	39.8
3.5583	39.3
3.5604	37.5
3.5608	37.3
3.5608	37.1
3.5608	37.3
3.5608	37.1
3.5608	37.2
3.5608	37
3.5608	37.2
3.5608	36.8
3.5608	37.1
3.5608	36.8
3.5633	34.7
3.5642	33.6
3.5658	32.2
3.5671	31.4
3.5671	31.6
3.5671	31.4
3.5671	31.5
3.5671	31.4
3.5671	31.5
3.5671	31.3
3.5671	31.4
3.5671	31.3
3.5671	31.3
3.5671	31.3
3.5671	31.3
3.5671	30.8
3.5671	30.8
3.5671	30.7
3.5671	30.6
3.5687	29.3
3.5696	28.8
3.5696	28.5
3.5717	26.9
3.5721	26.7
3.5721	26.6
3.5721	26.8
3.5721	26.7
3.5721	26.8
3.5721	26.7
3.5721	26.8
3.5721	26.6
3.5721	26.7
3.5721	26.5
3.5721	26.7
3.5725	25.4
3.5737	24.7
3.5762	22.9
3.5767	23.1
3.5767	22.9
3.5767	23.1
3.5767	22.8
3.5767	23.1
3.5767	22.8
3.5767	23
3.5767	22.8
3.5767	23.1
3.5767	23
3.5767	23.3
3.5767	23
3.5767	23.3
3.5771	22.2
3.5779	21.8
3.5787	20.8
3.5825	19.4
3.5825	18.6
3.5825	18.9
3.5825	18.9
3.5825	19
3.5825	18.8
3.5825	19.1
3.5825	18.8
3.5825	18.9
3.5825	18.8
3.5825	18.9
3.5825	18.8
3.5825	18.9
3.5825	18.8
3.5825	18.9
3.5825	18.8
3.5829	18.4
3.5858	17.3
3.5862	17
3.5862	16.8
3.5867	16.7
3.5871	16.7
3.5871	16.8
3.5871	16.9
3.5871	16.8
3.5871	16.9
3.5871	16.7
3.5871	16.9
3.5879	16.3
3.59	16
3.5912	15.2
3.5933	15
3.5937	14.8
3.5937	15
3.5937	14.8
3.5937	15.1
3.5937	14.8
3.5937	15
3.5937	14.9
3.5937	15
3.5937	14.8
3.5937	15.1
3.5954	14.7
3.5979	14.9
3.5979	14.8
3.6012	15.2
3.6012	15.1
3.6012	15.3
3.6012	15.1
3.6012	15.3
3.6012	15
3.6012	15.3
3.6012	15
3.6012	15.2
3.6021	15.3
3.6058	16.6
3.6079	17.1
3.6079	17.3
3.6079	17.1
3.6079	17.3
3.6079	17.1
3.6079	17.3
3.6079	17.1
3.6079	17.2
3.6079	17.1
3.6079	17.2
3.6079	17
3.6079	17.2
3.6079	17.2
3.6079	17.9
3.6083	19.3
3.6083	19.9
3.6083	19.8
3.6083	19.8
3.6083	19.6
3.6083	19.7
3.6083	19.7
3.6083	19.7
3.6083	19.8
3.6083	19.7
3.6083	19.7
3.6092	20.3
3.6096	21.4
3.6096	22.1
3.6125	23.5
3.6204	25.7
3.6208	27.3
3.6212	28.2
3.6221	28.6
3.6221	28.4
3.6221	28.4
3.6221	28.1
3.6221	28.2
3.6221	28
3.6221	28.3
3.6221	28
3.6221	28.1
3.6237	29.9
3.6262	32.3
3.6275	33.9
3.6304	36.7
3.6308	37.8
3.6325	38.6
3.6325	38.3
3.6325	38.5
3.6325	38.2
3.6325	38.5
3.6325	38.2
3.6325	38.6
3.6325	38.4
3.6325	38.6
3.6325	38.9
3.6329	40.5
3.6354	42.2
3.6371	44.5
3.6379	45.1
3.6387	46
3.6387	45.8
3.6387	45.9
3.6387	45.7
3.6387	45.8
3.6387	45.7
3.6387	46
3.6387	45.7
3.6387	45.8
3.6387	45.6
3.6387	45.7
3.6387	45.7
3.6387	45.6
3.6387	45.6
3.6387	45.7
3.6387	46.2
3.6442	47.5
3.6442	48.5
3.6442	49.5
3.6442	49.6
3.6454	51
3.6454	51.1
3.6454	51.1
3.6454	51.2
3.6454	51.1
3.6454	51.1
3.6454	51
3.6454	51.2
3.6454	51.1
3.6454	51.2
3.6454	51
3.6454	51.2
3.6454	51
3.6454	51.3
3.6454	51
3.6454	51.2
3.6462	51.6
3.6462	52.1
3.6504	52.6
3.6521	53.8
3.6529	54.5
3.6554	55.5
3.6554	55.6
3.6596	56.5
3.66	56.2
3.66	56.4
3.66	56.3
3.66	56.5
3.66	56.3
3.66	56.5
3.66	56.3
3.66	56.5
3.66	56.4
3.6604	56.8
3.6621	56.6
3.6646	56.7
3.665	56.3
3.6654	56.4
3.6667	56.1
3.6667	56.1
3.6667	55.9
3.6667	56.1
3.6667	56
3.6687	56
3.6687	55.7
3.6692	55.4
3.6692	55.3
3.6692	55.3
3.6708	54.9
3.6708	54.9
3.6708	55
3.6708	55
3.6708	55.1
3.6708	55
3.6708	55.1
3.6708	55
3.6708	55
3.6708	55
3.6708	55.1
3.6708	54.9
3.6721	54.3
3.6725	54
3.6729	53.7
3.6737	53.2
3.6754	53.1
3.6754	52.8
3.6758	52.7
3.6758	51.8
3.6758	52
3.6758	51.8
3.6758	52.1
3.6758	51.9
3.6758	52.2
3.6758	52
3.6758	52.4
3.6758	52.1
3.6758	52.3
3.6758	52.1
3.6758	52.3
3.6758	52.1
3.6758	52.4
3.6762	51.1
3.6787	50.4
3.6808	49
3.6812	49.1
3.6812	48.2
3.6817	48.5
3.6817	47.8
3.6829	47.6
3.6829	46.9
3.6837	46.2
3.6846	45
3.6862	43.7
3.6862	43.7
3.6862	43.7
3.6862	43.6
3.6862	43.8
3.6862	43.7
3.6862	44
3.6862	44
3.6862	44
3.6862	44
3.6862	43.9
3.6862	43.8
3.6862	43.8
3.6862	43.7
3.6862	43.8
3.6862	43.8
3.6862	43.7
3.6871	42.8
3.6875	42.7
3.6875	42.4
3.6883	41.8
3.6892	42
3.6892	41.4
3.6892	41.4
3.6892	41
3.6892	41.1
3.6896	40.5
3.69	40.1
3.6912	39.1
3.6912	39.3
3.6912	38.9
3.6917	38.8
3.6917	38.5
3.6921	38.5
3.6921	38.1
3.6921	38.4
3.6921	38.1
3.6921	38.4
3.6921	38.1
3.6925	37.5
3.6942	37
3.6942	36.4
3.6946	35.6
3.6946	35.9
3.6946	35.6
3.6954	35
3.6954	34.8
3.6962	34.1
3.6962	33.8
3.6962	34
3.6962	33.8
3.6962	34
3.6962	34
3.6962	34.2
3.6962	34
3.6962	34.2
3.6962	34.1
3.6962	34.3
3.6987	32.3
3.7008	30.6
3.7021	28.7
3.7046	27.3
3.7046	27.4
3.7046	27.3
3.7046	27.4
3.7046	27.3
3.7046	27.4
3.7046	27.3
3.7046	27.3
3.7046	27.2
3.7046	27.4
3.7046	27.4
3.7046	27.4
3.7046	27.4
3.705	26.9
3.7054	24.5
3.7062	23.6
3.7067	22.9
3.7067	23
3.7067	22.9
3.7067	23.1
3.7067	22.9
3.7067	22.9
3.7067	22.9
3.7067	23.1
3.7067	22.9
3.7067	23.1
3.7067	22.7
3.7067	22.9
3.7067	22.4
3.71	21.3
3.7112	19.8
3.7125	19.3
3.7125	19.1
3.7125	19.3
3.7125	19.2
3.7125	19.4
3.7125	19.1
3.7125	19.4
3.7125	19.2
3.7125	19.3
3.7125	19.2
3.7129	18.6
3.7129	18.3
3.7133	18.2
3.7133	18
3.7137	17.6
3.7212	16.7
3.7221	16.2
3.7221	15.7
3.7221	15.8
3.7221	15.7
3.7221	15.8
3.7221	15.8
3.7221	15.8
3.7221	15.8
3.7221	15.8
3.7221	15.8
3.7221	15.8
3.7221	15.8
3.7225	15.6
3.7267	15.6
3.7279	15.6
3.7279	15.9
3.7283	16
3.7312	16.3
3.7317	16.6
3.7325	17.2
3.7325	17
3.7325	17.1
3.7325	16.9
3.7325	17.2
3.7325	16.9
3.7325	17.2
3.7325	17
3.7325	17.2
3.7325	16.9
3.7325	17.2
3.7333	17.5
3.7354	18.1
3.7354	17.7
3.7354	18.5
3.7354	18.2
3.7354	18.4
3.7358	19
3.7392	21.1
3.7404	21
3.7408	21.2
3.7408	20.9
3.7408	21.2
3.7408	21.1
3.7408	21.4
3.7408	22.3
3.7417	23.2
3.7425	23.6
3.7437	24.3
3.7437	24.1
3.7437	24.2
3.7437	24
3.7437	24
3.7437	23.9
3.7437	23.9
3.7437	23.9
3.7437	24
3.7437	24
3.7437	24
3.745	25.1
3.7475	26.8
3.7475	27.4
3.7479	28.1
3.7479	28.6
3.7517	30.1
3.7521	30.7
3.7521	30.8
3.7525	31.5
3.7525	31.4
3.7525	31.5
3.7525	31.5
3.7525	31.7
3.7525	31.5
3.7525	31.8
3.7525	31.7
3.7525	31.9
3.7525	31.6
3.7525	31.6
3.7525	31.4
3.7537	32.8
3.7546	33.3
3.7546	33.8
3.7554	34.6
3.7554	34.6
3.7554	34.7
3.7558	35.5
3.7558	35.4
3.7562	36.2
3.7571	36.2
3.7571	36.9
3.7575	37.9
3.7579	38.8
3.7612	39.9
3.7612	40.6
3.7625	42
3.7633	42.8
3.7633	42.6
3.7633	42.8
3.7633	42.5
3.7633	42.8
3.7633	42.5
3.7642	43.7
3.7642	43.6
3.7662	45.6
3.7662	45.8
3.7662	45.9
3.7662	45.6
3.7662	45.7
3.7662	45.5
3.7662	45.5
3.7662	45.3
3.7662	45.4
3.7662	45.3
3.7662	45.3
3.7662	45.3
3.7662	45.3
3.7662	45.3
3.7687	46.8
3.7692	47.8
3.7696	48.8
3.7704	49
3.7712	50.2
3.7746	51.6
3.775	52.4
3.7762	53.3
3.7762	53.1
3.7762	53.1
3.7762	53
3.7762	53.1
3.7762	52.9
3.7762	53.1
3.7762	52.9
3.7762	53
3.7762	52.8
3.7762	53.1
3.7767	53.5
3.7804	55
3.7804	54.8
3.7808	55.8
3.7812	55.8
3.7812	56.5
3.7825	56.5
3.7825	56.9
3.7854	57.1
3.7858	57.5
3.7858	57.3
3.7858	57.5
3.7858	57.2
3.7858	57.4
3.7858	57.2
3.7858	57.4
3.7858	57.2
3.7858	57.4
3.7858	57.2
3.7858	57.4
3.7858	57.2
3.7858	57.5
3.7879	57.5
3.7887	57.7
3.7904	57.5
3.7908	57.5
3.7929	57.2
3.7929	57.3
3.7929	57.3
3.7929	57.3
3.7929	57.3
3.7929	57.3
3.7929	57.3
3.7929	57.3
3.7929	57.3
3.7929	57.2
3.7929	57.3
3.7929	57.3
3.7933	57.1
3.7954	56.6
3.7962	56
3.7987	54.9
3.7992	54
3.7992	53.1
3.8004	53.1
3.8033	53
3.8033	53.2
3.8033	53.1
3.8033	53.3
3.8033	53.1
3.8033	53.3
3.8033	53.1
3.8033	53.3
3.8033	53.1
3.8033	52.9
3.8042	51
3.8058	50.2
3.8075	48.6
3.8075	48.7
3.8075	48.6
3.8075	48.8
3.8075	48.8
3.8075	49.1
3.8075	48.7
3.8075	48.9
3.8075	48.6
3.8075	49
3.8075	48.7
3.8075	49.1
3.8075	49
3.8075	49.3
3.8075	49.2
3.8075	49.3
3.8075	49.2
3.8075	49.4
3.8079	47.3
3.8083	45.9
3.8154	42.7
3.8162	40.2
3.8187	37.2
3.8204	35.2
3.8204	34.9
3.8204	35.2
3.8204	35.3
3.8204	35.6
3.8204	35.5
3.8204	35.5
3.8204	35.4
3.8204	35.3
3.8204	34.5
3.8246	31.3
3.8279	26.2
3.8329	22.5
3.8337	22
3.8337	22
3.8337	22.2
3.8337	22.2
3.8337	22.4
3.8337	22.3
3.8337	22.5
3.8337	22.3
3.8337	22.4
3.8337	22.3
3.8337	22.2
3.8354	21.1
3.8358	20.5
3.84	18.2
3.8404	17.6
3.8417	16.9
3.8425	17.1
3.8425	16.9
3.8425	17.2
3.8425	16.9
3.8425	17.2
3.8425	17
3.8425	17.3
3.8425	17.2
3.8425	17.3
3.8425	17.2
3.8425	17.3
3.8425	17.1
3.8425	17.3
3.8429	16.8
3.8446	16.6
3.845	16.1
3.8458	16.1
3.8458	15.7
3.8462	15.8
3.8496	15.4
3.8496	15.6
3.85	15.4
3.8521	15.6
3.8525	15.4
3.8525	15.6
3.8525	15.4
3.8525	15.6
3.8525	15.4
3.8525	15.6
3.8525	15.5
3.8525	15.5
3.8525	15.4
3.8525	15.5
3.8525	15.4
3.8529	15.6
3.8537	15.7
3.8558	16.1
3.8562	16.4
3.8579	16.8
3.8596	17.3
3.8612	18.1
3.8625	19
3.8629	19.5
3.8629	19.5
3.8629	19.4
3.8629	19.5
3.8629	19.5
3.8629	19.5
3.8629	19.4
3.8629	19.5
3.8629	19.3
3.8629	19.4
3.8629	19.2
3.8629	19.3
3.8629	19.2
3.8637	20.1
3.8667	21.5
3.8679	23.2
3.8679	24.6
3.8733	26.2
3.8737	27.5
3.8746	28.5
3.8758	29.1
3.8758	29.3
3.8758	29
3.8758	29.3
3.8758	29.2
3.8758	29.1
3.8758	28.9
3.8758	29.2
3.8758	28.9
3.8758	29.3
3.8758	29
3.8758	29.3
3.8758	29
3.8758	29.2
3.8767	30.2
3.8787	31.9
3.8792	32.6
3.88	34
3.8825	35.5
3.8829	36.7
3.8854	38.5
3.8858	38.9
3.8858	38.7
3.8858	38.8
3.8858	38.7
3.8858	38.8
3.8858	38.8
3.8858	38.7
3.8858	38.7
3.8858	38.7
3.8858	38.7
3.8858	38.5
3.8867	39.8
3.8879	40.7
3.8896	42.5
3.8912	43.5
3.8921	45.3
3.8954	47.7
3.8971	49.1
3.8983	50.1
3.8983	50.2
3.8983	50
3.8983	50.2
3.8983	50.1
3.8983	50.3
3.8983	50.1
3.8983	50.3
3.8983	50.2
3.8983	50.6
3.9012	52.1
3.9021	53.6
3.9058	54.8
3.9075	55.7
3.9092	55.9
3.9092	56
3.9092	55.7
3.9092	56
3.9092	55.7
3.9092	55.9
3.9092	55.7
3.9092	56
3.9092	55.7
3.9092	56
3.9092	55.8
3.9112	56.3
3.9117	56.1
3.9117	56.3
3.9117	56.1
3.9117	56.3
3.9121	56.2
3.9121	56.4
3.9137	56.1
3.9142	56.3
3.9142	56.1
3.9142	56.3
3.9142	56.2
3.9142	56.3
3.9142	56.1
3.915	56.2
3.915	56
3.915	56.1
3.9154	56
3.9154	56.1
3.9154	56
3.9154	56.1
3.9154	56
3.9183	55.6
3.9183	55.6
3.9183	55.2
3.9187	55
3.9192	54.7
3.9225	53.9
3.9225	53.7
3.9225	53.8
3.9225	53.8
3.9225	54
3.9225	53.9
3.9225	54
3.9225	53.8
3.9225	54
3.9225	53.8
3.9225	54
3.9225	53.9
3.9229	53.7
3.9237	52.8
3.9242	52.5
3.9275	51.3
3.9279	50.7
3.9283	50
3.9287	49.8
3.93	49
3.9317	48
3.9333	46.7
3.9333	46.9
3.9333	46.6
3.9333	46.8
3.9333	46.5
3.9333	46.9
3.9333	46.6
3.9333	46.8
3.9333	46.5
3.9333	46.7
3.9333	46.6
3.9346	45.5
3.9354	44.1
3.9371	43.1
3.9375	42
3.9392	40.9
3.94	39.7
3.9408	39.1
3.9421	37.6
3.9425	37.5
3.9425	37.3
3.9425	37.5
3.9425	37.3
3.9425	37.5
3.9425	37.5
3.9425	37.5
3.9425	37.3
3.9425	37.5
3.9425	37.5
3.9425	37.5
3.9425	37.5
3.9429	36.5
3.9442	34.9
3.9446	34.4
3.9462	33.2
3.9462	32.7
3.9483	31.3
3.9487	30.3
3.9487	30.1
3.9504	29.2
3.9508	28.4
3.9525	27.1
3.9529	26.7
3.9529	26.6
3.9529	26.6
3.9529	26.4
3.9529	26.8
3.9529	26.8
3.9529	27
3.9529	27
3.9529	27.2
3.9529	27.1
3.9529	27.3
3.9537	26.2
3.9546	25.6
3.955	24.3
3.9567	23.7
3.9571	22.8
3.9587	22
3.9587	21.2
3.96	20.7
3.9621	20.1
3.9621	20.3
3.9621	19.6
3.9621	19.8
3.9621	19.5
3.9621	19.7
3.9633	18.6
3.9642	18.2
3.9658	17.3
3.9667	17.4
3.9667	17.2
3.9667	17.4
3.9667	17.3
3.9667	17.5
3.9667	17.3
3.9667	17.5
3.9667	17.4
3.9667	17.6
3.9667	17.5
3.9667	17.6
3.9667	17.4
3.9667	17.5
3.9667	17.4
3.9667	17.5
3.9667	17.4
3.9667	17.5
3.9679	16.6
3.9696	16.2
3.9696	16.2
3.9696	16
3.97	16
3.9725	15.4
3.9729	15.2
3.9742	15
3.9746	15
3.9746	14.9
3.9746	15
3.9746	14.9
3.9746	15.1
3.9746	15
3.9746	15.1
3.9746	14.9
3.9746	15.1
3.9746	14.9
3.9746	15.1
3.9746	14.9
3.9754	15
3.9779	14.8
3.9787	15.1
3.9804	15.2
3.9817	15.6
3.9817	15.3
3.9817	15.5
3.9817	15.3
3.9817	15.5
3.9817	15.2
3.9817	15.5
3.9817	15.2
3.9817	15.5
3.9817	15.2
3.9817	15.5
3.9817	15.2
3.9817	15.5
3.9817	15.4
3.9829	16.1
3.9846	16.3
3.9858	17.4
3.9875	17.8
3.9875	18.2
3.9875	17.8
3.9875	18.2
3.9875	18
3.9875	18.1
3.9875	17.9
3.9875	18.1
3.9875	17.9
3.9875	18
3.9875	17.8
3.9875	18
3.9875	18.1
3.99	19.4
3.99	19.9
3.9917	20.8
3.9917	20.9
3.9917	20.8
3.9917	20.8
3.9917	20.8
3.9917	20.8
3.9917	20.8
3.9917	20.7
3.9917	20.7
3.9917	20.9
3.9917	20.8
3.9929	22.2
3.9942	23.4
3.9979	25.6
3.9987	26.7
4.0008	28.2
4.0012	28.9
4.0012	29.1
4.0012	28.9
4.0012	29.1
4.0012	29.2
4.0012	29.6
4.0012	29
4.0012	29
4.0012	28.8
4.0012	29.1
4.005	32.1
4.0071	35.5
4.0112	38.6
4.0137	41.4
4.0146	41.5
4.0146	41.8
4.0146	41.6
4.0146	41.6
4.0146	41.2
4.0146	41.6
4.0146	41.6
4.0146	41.8
4.0146	41.6
4.0146	41.8
4.0179	44.2
4.0187	45.9
4.0225	47.5
4.0254	49.2
4.0258	49.3
4.0258	49.4
4.0258	49.1
4.0258	49.2
4.0258	49.1
4.0258	49.2
4.0258	49
4.0258	49.2
4.0258	49.1
4.0258	49.1
4.0258	49.3
4.0287	50.1
4.03	50.8
4.0329	51.4
4.0346	51.7
4.0346	51.7
4.0346	51.7
4.0346	51.7
4.0346	51.7
4.0346	51.6
4.0346	51.7
4.0346	51.7
4.0346	51.7
4.0346	51.6
4.035	51.9
4.0362	51.8
4.0379	52
4.04	51.7
4.0412	51.7
4.0425	51.2
4.0437	51.2
4.0437	51
4.0437	51.2
4.0437	51
4.0437	51.2
4.0437	51
4.0437	51.3
4.0437	51.1
4.0437	51.3
4.0437	51
4.0437	51.3
4.0437	51.1
4.0442	51.2
4.0462	50.3
4.0496	49.2
4.0504	47.9
4.0529	47.4
4.0537	47
4.0537	47.4
4.0537	47.3
4.0537	47.4
4.0537	47.2
4.0537	47.5
4.0537	47.3
4.0537	47.4
4.0537	47.3
4.0542	46.7
4.0571	44.9
4.0583	43.6
4.0604	42.6
4.0604	42.3
4.0604	42.2
4.0604	42.2
4.0604	42.1
4.0604	42.3
4.0604	42.1
4.0604	42
4.0604	42
4.0604	41.9
4.0633	39.5
4.0667	36.7
4.0687	34.8
4.0696	34
4.0696	34
4.0696	33.9
4.0696	33.9
4.0696	33.9
4.0696	33.8
4.0696	33.6
4.0696	33.9
4.0696	33.8
4.0725	31.7
4.0737	29.7
4.0767	27.8
4.0783	26.7
4.0783	27
4.0783	26.6
4.0783	26.6
4.0783	26.5
4.0783	26.8
4.0783	26.2
4.0783	26.4
4.0792	24.3
4.0817	22.7
4.0833	21.3
4.0846	20.9
4.0846	20.7
4.0846	21
4.0846	20.7
4.0846	20.8
4.0846	20.5
4.0846	20.8
4.0846	20.3
4.0875	18.2
4.0883	17.2
4.0896	16.9
4.0896	16.7
4.0896	17
4.0896	16.8
4.0896	16.9
4.0896	16.8
4.0896	16.9
4.0896	16.7
4.0896	16.9
4.0904	16
4.0925	15.1
4.0967	13.9
4.0971	13.8
4.0971	13.7
4.0971	13.8
4.0971	13.8
4.0971	13.8
4.0971	13.8
4.0971	13.8
4.0971	13.7
4.0971	13.8
4.0971	13.8
4.0983	13.4
4.1	13.4
4.1025	13.4
4.1046	13.6
4.105	13.6
4.105	13.7
4.105	13.5
4.105	13.7
4.105	13.5
4.105	13.7
4.105	13.6
4.1075	14.3
4.1092	15.1
4.1142	17.1
4.1142	17.1
4.1142	17.3
4.1142	17.2
4.1142	17.2
4.1142	17
4.1142	17.4
4.1142	17.2
4.1142	17.4
4.1142	17.2
4.1146	18.5
4.115	19.3
4.1208	21.5
4.1225	22.2
4.1225	22.4
4.1225	22.1
4.1225	22.2
4.1225	22.2
4.1225	22.6
4.1225	22.4
4.1233	24.1
4.1279	27.4
4.1325	31.1
4.1358	33.7
4.1362	34.2
4.1362	33.7
4.1362	33.9
4.1362	33.5
4.1362	33.6
4.1362	33.5
4.1362	33.7
4.1362	33.6
4.1362	34.2
4.1404	37.2
4.1425	39.8
4.1475	41.4
4.1483	42.1
4.1487	42
4.1487	42
4.1487	42
4.1487	41.9
4.1487	42
4.1487	41.9
4.1487	42.1
4.1487	42
4.1487	42.1
4.1492	42.3
4.1496	43
4.1504	43
4.1504	43.4
4.1533	44
4.1537	44.5
4.1558	44.8
4.1558	45.1
4.1567	45.2
4.1583	45.6
4.1583	45.4
4.1617	45.8
4.1617	45.6
4.1617	45.8
4.1617	45.6
4.1617	45.8
4.1617	45.6
4.1617	45.8
4.1617	45.5
4.1617	45.7
4.1617	45.5
4.1625	45.6
4.1658	45.1
4.1687	44.6
4.1696	43.8
4.1704	43.7
4.1704	43.7
4.1704	43.9
4.1704	43.8
4.1704	44
4.1704	43.8
4.1704	43.8
4.1704	43.5
4.1737	42.6
4.1758	40.6
4.1804	38.4
4.1808	37.5
4.1808	37.6
4.1808	37.6
4.1808	37.7
4.1808	37.6
4.1808	37.7
4.1808	37.6
4.1808	37.7
4.1808	37.7
4.1808	37.6
4.1842	35.3
4.1871	32
4.19	30.2
4.19	29.9
4.19	30
4.19	29.9
4.19	30
4.19	29.8
4.19	30
4.19	29.8
4.19	30
4.19	29.9
4.19	30.1
4.19	29.2
4.1954	26
4.1971	23.8
4.1971	23.9
4.1971	23.9
4.1971	24.2
4.1971	23.9
4.1971	24.1
4.1971	23.7
4.1971	23.9
4.1971	23.6
4.1971	23.9
4.1971	23.6
4.2012	21.4
4.2025	19.7
4.2067	18.4
4.2071	17.5
4.2071	17.8
4.2071	17.4
4.2071	17.6
4.2071	17.4
4.2071	17.6
4.2071	17.5
4.2071	17.7
4.2071	17.5
4.2071	17.7
4.2071	17.5
4.2071	17.6
4.2071	17.4
4.2071	17.6
4.2092	16.2
4.2129	14.5
4.2133	13.9
4.2133	14
4.2133	14
4.2133	14
4.2133	14
4.2133	13.9
4.2133	14
4.2133	13.9
4.2133	13.9
4.2183	12.5
4.22	11.9
4.2221	11.3
4.2262	11.4
4.2262	11.2
4.2262	11.4
4.2262	11.2
4.2262	11.4
4.2262	11.2
4.2262	11.5
4.2262	11.2
4.2262	11.5
4.2267	11.2
4.2292	11.5
4.2333	11.9
4.2362	13
4.2371	13
4.2371	13.2
4.2371	12.9
4.2371	13.2
4.2371	12.9
4.2371	13.2
4.2371	13
4.2371	13.2
4.2371	13
4.2392	14.3
4.2433	15.9
4.2471	18.2
4.2475	18.5
4.2475	18.6
4.2475	18.3
4.2475	18.5
4.2475	18.4
4.2475	18.6
4.2475	18.5
4.2475	18.8
4.2483	19.5
4.2529	21.9
4.2554	24.2
4.2567	24.6
4.2567	24.4
4.2567	24.3
4.2567	24.3
4.2567	24.3
4.2567	24.1
4.2567	24.2
4.2567	24.3
4.2567	24.3
4.2567	24.4
4.2579	26.6
4.2633	29.3
4.265	30.7
4.265	31.3
4.265	31.1
4.265	31.1
4.265	31.1
4.265	31.3
4.265	31.1
4.265	31.3
4.265	31.1
4.265	31.4
4.265	31.2
4.265	31.5
4.265	31.9
4.2679	33.4
4.2712	33.9
4.2712	34.4
4.2712	34
4.2712	34.2
4.2712	33.9
4.2712	34.1
4.2712	33.9
4.2712	34.5
4.2746	35.6
4.2767	36.9
4.2792	37.2
4.2821	37.9
4.2837	37.7
4.2837	38
4.2837	37.7
4.2837	38
4.2837	37.8
4.2837	37.9
4.2837	37.8
4.2837	37.9
4.2837	37.8
4.2858	38
4.2883	37.6
4.2917	37.2
4.2942	36.4
4.2942	36.5
4.295	36.3
4.295	36.3
4.295	36.2
4.295	36.2
4.295	36.2
4.295	36.3
4.295	36.3
4.295	36.2
4.295	36.2
4.295	36.2
4.2954	36
4.2971	35.3
4.3004	34.1
4.3012	33.2
4.3017	33.3
4.3017	33.2
4.3017	33.4
4.3017	33.3
4.3017	33.5
4.3017	33.3
4.3017	33.6
4.3017	33.3
4.3017	33.4
4.3017	33.3
4.3046	32
4.3067	30.3
4.3092	29.1
4.31	28
4.3104	27.9
4.3104	27.8
4.3104	28
4.3104	27.8
4.3104	28.1
4.3104	27.9
4.3104	28
4.3104	27.8
4.3104	28
4.3108	26.4
4.3158	24.9
4.3175	22.9
4.32	21.5
4.32	21.1
4.32	21.4
4.32	21.4
4.32	21.7
4.32	21.5
4.32	21.6
4.32	21.4
4.32	21.4
4.32	21.3
4.3212	20.5
4.3246	18.9
4.3258	17.7
4.3279	16.8
4.3279	16.8
4.3279	16.9
4.3279	16.9
4.3279	16.9
4.3279	16.9
4.3279	16.9
4.3279	16.8
4.3279	16.8
4.3279	16.8
4.3279	16.6
4.33	15.4
4.3304	14.9
4.3333	13.7
4.3342	13.1
4.3371	11.8
4.3392	11.1
4.3392	11
4.3392	11.2
4.3392	11.1
4.3392	11.3
4.3392	11.1
4.3392	11.3
4.3392	11
4.3392	11.3
4.3392	11.1
4.3392	11.3
4.3392	11.1
4.3396	10.6
4.34	10
4.3479	9.4
4.3496	9
4.3525	9.3
4.3525	9
4.3525	9.3
4.3525	9
4.3525	9.3
4.3525	9
4.3525	9.3
4.3525	9.1
4.3525	9.3
4.3525	9.1
4.3525	9.2
4.3525	9.1
4.3525	9.2
4.3525	9.1
4.3525	9.2
4.3525	9.1
4.3525	9.2
4.3542	9.4
4.3567	9.9
4.3579	10.2
4.3579	10.3
4.3579	10.2
4.3579	10.3
4.3579	10.3
4.3579	10.2
4.3579	10.3
4.3579	10.2
4.3579	10.3
4.3579	10.2
4.3579	10.3
4.3596	10.6
4.3604	11
4.3608	11
4.3617	11.3
4.3617	11.1
4.3617	11.4
4.3617	11.2
4.3617	11.5
4.3617	11.2
4.3617	11.5
4.3617	11.2
4.3617	11.5
4.3617	11.3
4.3617	11.5
4.3625	11.8
4.3646	12.7
4.365	12.6
4.365	12.8
4.365	12.6
4.365	12.9
4.365	12.7
4.365	12.9
4.365	12.7
4.365	12.9
4.365	12.6
4.3654	13.2
4.3687	14.1
4.3696	15.2
4.3712	15.2
4.3712	15.4
4.3712	15.2
4.3712	15.3
4.3712	15.1
4.3712	15.3
4.3712	15.2
4.3737	16.7
4.3767	18.1
4.3779	19.2
4.3796	19.4
4.3796	19.4
4.3796	19.3
4.3796	19.3
4.3796	19.3
4.3796	19.3
4.3796	19.3
4.3796	19.5
4.3821	21
4.3854	22.6
4.3867	23.2
4.3867	23
4.3867	23.1
4.3867	23
4.3867	23.1
4.3867	22.9
4.3867	23.2
4.3867	23
4.3871	23.5
4.39	24.4
4.3921	25.8
4.3942	26.2
4.3942	26.4
4.3942	26.2
4.3942	26.4
4.3942	26.2
4.3942	26.4
4.3942	26.2
4.3942	26.5
4.3942	26.2
4.3958	26.9
4.3971	27.1
4.3979	27.4
4.3979	27.2
4.3979	27.4
4.3979	27.2
4.3979	27.5
4.3979	27.2
4.3979	27.5
4.3979	27.3
4.3979	27.5
4.3979	27.4
4.4012	28.3
4.4021	28.4
4.4033	28.8
4.4037	28.8
4.4037	28.9
4.4037	28.8
4.4037	28.9
4.4037	28.7
4.4037	28.9
4.4037	28.8
4.4037	28.9
4.4042	29.2
4.4071	29.4
4.4104	29.4
4.4117	29.4
4.4121	29.4
4.4121	29.4
4.4121	29.4
4.4121	29.4
4.4121	29.4
4.4121	29.3
4.4121	29.4
4.4158	29.1
4.4179	28.8
4.42	28.3
4.42	28.5
4.42	28.4
4.42	28.5
4.42	28.4
4.42	28.6
4.42	28.4
4.42	28.5
4.42	28.3
4.4204	28.3
4.4233	27.5
4.4233	27.8
4.4233	27.5
4.4233	27.8
4.4233	27.6
4.4233	27.9
4.4233	27.6
4.4233	27.8
4.4233	27.6
4.4233	27.9
4.4233	27.6
4.4233	27.7
4.4254	26.6
4.4287	25.7
4.4296	25.2
4.4296	25.6
4.4296	25.4
4.4296	25.6
4.4296	25.3
4.4296	25.6
4.4296	25.5
4.4296	25.5
4.4296	25.4
4.4296	25.6
4.4296	25.5
4.4296	25.6
4.4296	25.5
4.4296	25.5
4.4296	25.5
4.4304	25
4.4317	24.5
4.4333	23.6
4.4342	22.8
4.4375	21.5
4.4387	20.6
4.4387	20.7
4.4387	20.7
4.4387	20.6
4.4387	20.6
4.4387	20.5
4.4387	20.6
4.4387	20.5
4.4387	20.7
4.4387	20.7
4.4387	20.5
4.4425	18.5
4.4437	17
4.4483	14.5
4.4504	13.5
4.4504	13.2
4.4504	13.4
4.4504	13.3
4.4504	13.6
4.4504	13.4
4.4504	13.6
4.4504	13.3
4.4504	13.7
4.4504	13.4
4.4504	13.6
4.4504	13.4
4.4504	13.6
4.4504	13.5
4.4508	13.4
4.4517	12.7
4.4521	12.5
4.4521	12.2
4.4521	12.5
4.4521	12.3
4.4521	12.6
4.4521	12.2
4.4537	11.9
4.4542	11.2
4.4562	10.7
4.4571	9.9
4.4592	9.7
4.4592	9.5
4.4592	9.7
4.4592	9.6
4.4592	9.6
4.4592	9.5
4.4592	9.6
4.4592	9.6
4.4592	9.6
4.4592	9.6
4.4592	9.6
4.4596	9.3
4.4612	9
4.4621	8.6
4.4642	8
4.4662	7.6
4.4687	7.2
4.47	7.1
4.47	7
4.47	7.1
4.47	7
4.47	7.1
4.47	7
4.47	7.1
4.47	7
4.47	7.2
4.47	7
4.47	7.2
4.4717	6.8
4.4717	7
4.4721	6.7
4.4746	6.9
4.475	6.7
4.475	6.9
4.4762	6.7
4.4779	7
4.4779	6.8
4.4779	7
4.4779	6.8
4.4779	7.1
4.4779	6.8
4.4779	7
4.4779	6.8
4.4779	7
4.4779	6.8
4.4779	7
4.4779	6.8
4.4796	7.2
4.4829	7.4
4.4837	7.9
4.4837	7.7
4.4837	7.8
4.4837	7.7
4.4837	7.8
4.4837	7.7
4.4837	7.8
4.4837	7.8
4.4837	7.8
4.4837	7.8
4.4837	7.8
4.4837	7.8
4.4837	7.8
4.4837	7.8
4.4842	7.9
4.4858	8.3
4.4862	8.7
4.4929	9.7
4.4929	9.7
4.4929	9.8
4.4929	9.6
4.4929	9.7
4.4929	9.6
4.4929	9.7
4.4929	9.6
4.4929	9.7
4.4929	9.6
4.4929	9.8
4.4929	9.6
4.4929	10.3
4.4946	10.6
4.4958	11.3
4.4971	11.4
4.4971	11.7
4.5008	12.5
4.5017	13.5
4.5054	14.3
4.5054	14.8
4.5054	14.5
4.5054	14.7
4.5054	14.4
4.5054	14.7
4.5054	14.4
4.5054	14.8
4.5054	14.5
4.5058	14.9
4.5092	15.6
4.51	16.6
4.5133	17.3
4.5146	18.1
4.5158	18.2
4.5158	18.2
4.5158	18
4.5158	18.2
4.5158	18.1
4.5158	18.2
4.5158	18.1
4.5158	18.2
4.5158	18.1
4.5171	18.9
4.5204	19.7
4.5212	20.1
4.5212	20
4.5212	20
4.5212	20
4.5212	20
4.5212	20
4.5212	19.9
4.5212	19.9
4.5212	19.8
4.5212	19.9
4.5212	19.9
4.5212	20
4.5246	20.3
4.5267	21
4.53	21.2
4.53	21.3
4.53	21.2
4.53	21.3
4.53	21.2
4.53	21.4
4.53	21.2
4.53	21.4
4.53	21.2
4.53	21.4
4.53	21.2
4.53	21.4
4.5304	21.2
4.5321	21.6
4.5342	21.3
4.5346	21.6
4.5346	21.3
4.5346	21.5
4.5346	21.3
4.5346	21.5
4.5346	21.3
4.5346	21.6
4.5346	21.3
4.5346	21.5
4.5346	21.3
4.5346	21.5
4.5346	21.3
4.5367	21.4
4.5379	21
4.54	20.9
4.54	20.8
4.54	20.9
4.54	20.8
4.5421	20.6
4.5442	19.9
4.5512	19
4.5529	18.3
4.5529	18.4
4.5529	18.3
4.5529	18.4
4.5529	18.4
4.5529	18.5
4.5529	18.4
4.5529	18.4
4.5529	18.4
4.5529	18.4
4.5537	17.8
4.555	17.3
4.5554	16.9
4.5583	15.8
4.5596	15.3
4.5633	14.2
4.5637	13.9
4.5637	13.9
4.5637	14
4.5637	13.8
4.5637	14
4.5637	13.8
4.5637	14.1
4.5637	13.8
4.5637	14
4.5637	13.8
4.5646	13.5
4.5679	12.5
4.5687	12
4.5737	10.9
4.5737	11
4.5737	10.6
4.5737	10.9
4.5737	10.6
4.5737	10.8
4.5737	10.6
4.5737	10.9
4.5737	10.6
4.5737	10.7
4.5742	10.4
4.5754	10
4.5783	9.2
4.58	8.9
4.5817	8.1
4.5817	8.2
4.5817	7.9
4.5817	8.2
4.5817	8
4.5825	7.6
4.5858	6.7
4.5879	6.3
4.5887	6.1
4.5887	6.2
4.5887	6.1
4.5887	6.3
4.5887	6.1
4.5887	6.2
4.5887	6.1
4.5887	6.2
4.5892	5.9
4.5925	5.5
4.595	5.1
4.5958	5
4.5962	5
4.5962	4.9
4.5962	5
4.5962	4.9
4.5962	5
4.5962	4.9
4.5962	5
4.5962	4.9
4.5962	5
4.5962	4.9
4.5975	5
4.5979	4.7
4.6004	4.8
4.6004	4.6
4.6033	4.9
4.6033	4.7
4.6037	5
4.6075	4.8
4.6075	5
4.6075	4.8
4.6075	5
4.6075	4.8
4.6075	5.1
4.6075	4.8
4.6075	5.1
4.6075	4.8
4.6096	5.4
4.6117	5.4
4.6133	5.9
4.615	6
4.6167	6.5
4.6171	6.4
4.6171	6.6
4.6171	6.4
4.6171	6.7
4.6171	6.4
4.6171	6.6
4.6171	6.5
4.6171	6.6
4.6171	6.4
4.6187	7.1
4.6221	7.7
4.6237	8.4
4.625	8.6
4.625	8.7
4.625	8.6
4.625	8.6
4.625	8.6
4.625	8.6
4.625	8.6
4.625	8.6
4.625	8.5
4.625	8.5
4.625	8.7
4.6287	9.6
4.6308	10.4
4.6329	10.6
4.6329	10.7
4.6329	10.7
4.6329	10.8
4.6329	10.6
4.6329	10.8
4.6329	10.6
4.6329	10.8
4.6329	10.6
4.6329	10.9
4.6342	11.2
4.635	11.8
4.6383	12.1
4.6396	12.6
4.6421	12.8
4.6425	13.1
4.6425	12.9
4.6425	13.1
4.6425	12.9
4.6425	13.2
4.6425	13
4.6425	13.2
4.6425	12.9
4.6425	13.1
4.6425	12.9
4.6425	13.2
4.6425	13
4.6433	13.4
4.6454	13.5
4.6483	14.1
4.6508	14.1
4.6512	14.3
4.6512	14.1
4.6512	14.3
4.6512	14.1
4.6512	14.3
4.6512	14.1
4.6512	14.3
4.6512	14.1
4.6512	14.3
4.655	14.3
4.6571	14.5
4.66	14.4
4.6604	14.5
4.6604	14.4
4.6604	14.5
4.6604	14.4
4.6604	14.5
4.6604	14.5
4.6604	14.5
4.6604	14.5
4.6604	14.5
4.6637	14.3
4.6662	14.1
4.6717	13.8
4.6725	13.6
4.6725	13.7
4.6725	13.6
4.6725	13.7
4.6725	13.6
4.6725	13.7
4.6725	13.5
4.6725	13.7
4.6725	13.5
4.6725	13.7
4.6742	13.1
4.6762	12.9
4.6808	12.1
4.6812	12.1
4.6812	11.8
4.6812	12.1
4.6812	11.9
4.6812	12
4.6812	11.9
4.6812	12.1
4.6812	11.8
4.6812	12.1
4.6812	11.9
4.6812	12.1
4.6812	11.9
4.6837	11.5
4.6879	10.5
4.6904	10.1
4.6904	9.8
4.6904	10
4.6904	9.8
4.6904	10
4.6904	9.8
4.6904	10
4.6904	9.9
4.6904	10.1
4.6933	9.2
4.6954	8.5
4.6987	7.7
4.6996	7.6
4.6996	7.5
4.6996	7.6
4.6996	7.6
4.6996	7.6
4.6996	7.6
4.6996	7.7
4.6996	7.6
4.6996	7.7
4.6996	7.7
4.7054	6.3
4.7075	5.2
4.7133	4.3
4.715	4
4.715	4
4.715	4.1
4.715	4
4.715	4.1
4.715	3.9
4.715	4
4.715	3.9
4.715	4.1
4.715	3.9
4.7154	3.9
4.7171	3.4
4.7192	3.4
4.7258	3
4.7271	3.2
4.7279	3
4.7279	3.2
4.7279	3
4.7279	3.2
4.7279	3
4.7279	3.2
4.7279	3
4.7279	3.2
4.7292	3.1
4.7383	3.6
4.7383	3.5
4.7383	3.7
4.7383	3.4
4.7383	3.7
4.7383	3.5
4.7383	3.7
4.7383	3.5
4.7383	3.7
4.7383	3.5
4.7387	3.9
4.7412	3.9
4.745	4.5
4.7479	4.8
4.7508	5.2
4.7517	5.2
4.7521	5.3
4.7521	5.2
4.7521	5.3
4.7521	5.2
4.7521	5.3
4.7521	5.2
4.7521	5.3
4.7554	5.7
4.7596	6.4
4.7633	6.9
4.7675	7.4
4.7683	7.6
4.7683	7.5
4.7683	7.6
4.7683	7.6
4.7683	7.6
4.7683	7.5
4.7683	7.6
4.7683	7.5
4.7683	7.6
4.7687	7.7
4.7737	8.2
4.775	8.3
4.7804	8.8
4.7837	8.8
4.7862	9
4.7862	8.8
4.7862	9.1
4.7862	8.8
4.7862	9.1
4.7862	8.9
4.7862	9
4.7862	8.9
4.7875	9.1
4.7912	8.8
4.7962	8.8
4.8008	8.3
4.8033	8.3
4.8033	8
4.8033	8.3
4.8033	8
4.8033	8.3
4.8033	8
4.8033	8.3
4.8033	8
4.8033	8.1
4.8037	7.6
4.81	7.4
4.81	7.1
4.81	7.2
4.8108	6.8
4.8117	6.9
4.8117	6.7
4.8133	6.6
4.8137	6.4
4.8167	6.2
4.8175	5.8
4.8187	5.6
4.8187	5.5
4.8187	5.5
4.8187	5.5
4.8187	5.5
4.8187	5.5
4.8187	5.6
4.8187	5.6
4.8187	5.6
4.8187	5.6
4.8187	5.6
4.8246	5.1
4.8275	4.3
4.8325	3.8
4.8362	3.4
4.8362	3.4
4.8358	3.4
4.8358	3.5
4.8358	3.3
4.8358	3.4
4.8358	3.3
4.8358	3.5
4.8392	2.9
4.8446	2.5
4.8512	2
4.8546	2
4.8546	1.8
4.8546	2
4.8546	1.8
4.8546	2
4.8546	1.8
4.8546	2
4.8587	1.7
4.8608	2
4.8646	1.8
4.8658	2.1
4.8658	1.9
4.8658	2.1
4.8658	1.9
4.8658	2.1
4.8658	1.8
4.8658	2.1
4.8658	1.9
4.8658	2.1
4.8683	2
4.8721	2.5
4.8758	2.5
4.8783	2.9
4.8783	2.7
4.8783	2.9
4.8783	2.7
4.8783	2.8
4.8783	2.7
4.8783	2.8
4.8783	2.7
4.8783	2.8
4.8783	2.7
4.8817	3.1
4.8833	3.2
4.8892	3.7
4.89	3.8
4.89	3.8
4.89	3.8
4.89	3.8
4.89	3.8
4.89	3.8
4.89	3.8
4.89	3.7
4.8933	4.1
4.8958	4.2
4.8987	4.5
4.8996	4.4
4.8996	4.6
4.8996	4.4
4.8996	4.6
4.8996	4.4
4.8996	4.6
4.8996	4.4
4.8996	4.7
4.8996	4.4
4.8996	4.7
4.9004	4.5
4.9017	4.7
4.9017	4.5
4.9017	4.7
4.9017	4.5
4.9017	4.8
4.905	4.7
4.9083	5
4.9096	4.7
4.91	5
4.91	4.7
4.91	5
4.91	4.7
4.91	5
4.91	4.8
4.91	5
4.91	4.7
4.9129	5
4.9158	4.7
4.9196	4.9
4.9221	4.6
4.9229	4.8
4.9229	4.6
4.9229	4.8
4.9229	4.6
4.9229	4.7
4.9229	4.6
4.9229	4.7
4.9229	4.6
4.9229	4.7
4.9229	4.6
4.9229	4.7
4.9258	4.5
4.9275	4.4
4.9337	4.1
4.935	3.8
4.9362	3.8
4.9362	3.7
4.9362	3.8
4.9362	3.8
4.9362	3.9
4.9362	3.8
4.9362	3.9
4.9362	3.7
4.9367	3.8
4.9421	3.4
4.9437	3.3
4.9471	2.8
4.9508	2.8
4.9508	2.6
4.9508	2.8
4.9508	2.6
4.9508	2.8
4.9508	2.6
4.9508	2.8
4.9508	2.6
4.9512	2.7
4.9546	2.3
4.9617	2.1
4.9667	1.6
4.9717	1.5
4.9758	1.1
4.9758	1.4
4.9758	1.1
4.9758	1.4
4.9758	1.2
4.9758	1.4
4.9758	1.1
4.9758	1.4
4.9758	1.1
4.9775	1.3
4.9821	1
4.9846	1.1
4.9883	0.9
4.9921	1.1
4.9967	1
4.9983	1.2
4.9983	1
4.9983	1.2
4.9983	1.1
4.9983	1.2
4.9983	1.1
4.9983	1.2
4.9983	1.1
4.9996	1.2
5.0058	1.3
5.0079	1.4
5.0092	1.5
5.0112	1.5
5.0112	1.6
5.0112	1.5
5.0112	1.6
5.0112	1.5
5.0112	1.6
5.0112	1.5
5.0112	1.6
5.0129	1.6
5.0179	1.8
5.0204	1.8
5.0262	2.1
5.0267	1.9
5.0267	2.1
5.0267	1.9
5.0267	2.1
5.0267	1.9
5.0267	2.1
5.0267	1.9
5.0267	2.1
5.0283	1.9
5.0317	2.2
5.0342	2.1
5.0379	2.3
5.04	2.1
5.0421	2.4
5.0421	2.1
5.0425	2.4
5.0425	2.1
5.0425	2.4
5.0425	2.1
5.0425	2.4
5.0425	2.1
5.0425	2.4
5.0433	2.1
5.0467	2.4
5.0483	2.1
5.0517	2.3
5.0529	2.1
5.0542	2.2
5.0542	2.1
5.0542	2.2
5.0542	2.1
5.0542	2.2
5.0542	2.1
5.0542	2.2
5.0542	2.1
5.0542	2.2
5.0575	2
5.0608	2
5.0654	1.8
5.0687	1.7
5.0687	1.7
5.0687	1.7
5.0687	1.7
5.0687	1.7
5.0687	1.7
5.0687	1.7
5.0687	1.8
5.0687	1.7
5.0687	1.8
5.0708	1.6
5.0712	1.6
5.0733	1.4
5.0783	1.4
5.08	1.1
5.0837	1.2
5.0837	1
5.0837	1.2
5.0837	1
5.0837	1.2
5.0837	1
5.0837	1.2
5.0837	1
5.0837	1.3
5.0837	1
5.0837	1.3
5.0837	1
5.0837	1.2
5.085	0.9
5.0875	1
5.0929	0.7
5.0946	0.9
5.0946	0.6
5.0946	0.9
5.0946	0.6
5.0946	0.9
5.0946	0.6
5.0946	0.9
5.0946	0.6
5.0946	0.9
5.0946	0.6
5.0946	0.8
5.0946	0.7
5.0946	0.8
5.0983	0.6
5.0992	0.8
5.0992	0.6
5.1008	0.7
5.1021	0.6
5.1025	0.6
5.1033	0.5
5.1046	0.6
5.1046	0.5
5.1046	0.6
5.1058	0.5
5.1079	0.5
5.1096	0.5
5.1121	0.5
5.1125	0.5
5.1142	0.5
5.1142	0.5
5.1142	0.5
5.1142	0.5
5.1142	0.4
5.1142	0.5
5.1142	0.4
5.1142	0.5
5.1142	0.4
5.1158	0.5
5.1196	0.4
5.1217	0.6
5.1262	0.4
5.1279	0.6
5.1279	0.4
5.1279	0.6
5.1279	0.4
5.1279	0.6
5.1279	0.4
5.1279	0.6
5.1279	0.4
5.1283	0.6
5.1292	0.4
5.1342	0.7
5.1362	0.5
5.1387	0.7
5.1387	0.5
5.1404	0.7
5.1408	0.5
5.1408	0.7
5.1408	0.5
5.1408	0.8
5.1408	0.5
5.1408	0.7
5.1408	0.5
5.1408	0.7
5.1417	0.6
5.1454	0.8
5.15	0.6
5.155	0.8
5.1554	0.7
5.1554	0.8
5.1554	0.7
5.1554	0.8
5.1554	0.7
5.1554	0.8
5.1554	0.7
5.1554	0.8
5.1558	0.8
5.1604	0.8
5.1633	0.8
5.1646	0.8
5.1646	0.8
5.1646	0.8
5.1646	0.9
5.1646	0.8
5.1646	0.9
5.1646	0.8
5.1646	0.9
5.1646	0.8
5.1646	0.9
5.1646	0.8
5.1646	0.9
5.1646	0.8
5.1646	0.9
5.1671	0.7
5.1675	0.9
5.17	0.7
5.1729	1
5.1754	0.7
5.1771	0.9
5.1783	0.7
5.1783	0.9
5.1783	0.7
5.1783	0.9
5.1783	0.7
5.1783	1
5.1783	0.7
5.1783	1
5.1783	0.7
5.1796	0.9
5.1821	0.7
5.1854	0.9
5.1887	0.6
5.1904	0.8
5.1925	0.6
5.1925	0.8
5.1925	0.6
5.1925	0.8
5.1925	0.6
5.1925	0.8
5.1925	0.6
5.1925	0.8
5.1929	0.6
5.1983	0.7
5.2004	0.5
5.2025	0.6
5.2033	0.5
5.2033	0.6
5.2033	0.5
5.2033	0.6
5.2033	0.5
5.2033	0.6
5.2033	0.5
5.2033	0.6
5.2033	0.5
5.2046	0.5
5.2067	0.5
5.2083	0.5
5.2129	0.5
5.2146	0.4
5.2146	0.5
5.2146	0.4
5.2146	0.5
5.2146	0.4
5.2146	0.5
5.2146	0.3
5.2146	0.5
5.2146	0.3
5.2146	0.5
5.2146	0.3
5.2187	0.5
5.2196	0.2
5.2225	0.4
5.2246	0.2
5.2254	0.4
5.2292	0.2
5.23	0.4
5.23	0.2
5.23	0.4
5.23	0.2
5.23	0.4
5.23	0.2
5.23	0.4
5.23	0.2
5.23	0.4
5.2325	0.1
5.2337	0.4
5.2354	0.1
5.2362	0.4
5.2367	0.1
5.24	0.3
5.2412	0.1
5.2417	0.3
5.2417	0.1
5.2417	0.3
5.2417	0.1
5.2417	0.3
5.2417	0.1
5.2417	0.3
5.2417	0.1
5.2417	0.3
5.2417	0.2
5.2417	0.3
5.245	0.2
5.2467	0.2
5.2508	0.2
5.2554	0.2
5.2575	0.2
5.2596	0.2
5.2596	0.2
5.2596	0.2
5.2596	0.2
5.2596	0.2
5.2596	0.2
5.2596	0.2
5.2596	0.2
5.2596	0.1
5.2596	0.3
5.2604	0.1
5.2629	0.2
5.265	0.1
5.2687	0.3
5.2692	0.1
5.2692	0.3
5.2692	0.1
5.2692	0.3
5.2692	0.1
5.2692	0.3
5.2692	0.1
5.2692	0.3
5.2692	0.1
5.2692	0.3
5.2692	0.1
5.2742	0.3
5.2746	0.1
5.275	0.4
5.2762	0.1
5.2762	0.4
5.2783	0.1
5.2787	0.4
5.2825	0.1
5.2833	0.4
5.2875	0.1
5.2942	0.4
5.2967	0.1
5.2971	0.3
5.2971	0.1
5.2971	0.3
5.2971	0.1
5.2971	0.3
5.2971	0.1
5.2971	0.3
5.2971	0.2
5.2975	0.3
5.2996	0.1
5.3021	0.3
5.3067	0.1
5.3075	0.2
5.3079	0.2
5.3079	0.2
5.3079	0.2
5.3079	0.2
5.3079	0.2
5.3079	0.2
5.3079	0.2
5.3079	0.2
5.3079	0.2
5.3079	0.2
5.3087	0.2
5.3121	0.1
5.3129	0.2
5.315	0.1
5.3225	0.2
5.3237	0.1
5.3242	0.2
5.3242	0.1
5.3242	0.2
5.3242	0
5.3242	0.2
5.3242	0
5.3242	0.3
5.3242	0
5.3242	0.3
5.3267	0
5.3321	0.2
5.335	0
5.3367	0.2
5.3367	0
5.3367	0.2
5.3367	0
5.3367	0.2
5.3367	0
5.3367	0.2
5.3367	0
5.3367	0.2
5.34	0
5.3425	0.2
5.3433	0
5.3442	0.2
5.3446	0
5.3446	0.2
5.3446	0
5.3446	0.2
5.3446	0
5.3446	0.2
5.3454	0
5.3533	0.2
5.355	0
5.3558	0.1
5.3558	0
5.3558	0.2
5.3558	0
5.3558	0.1
5.3558	0
5.3558	0.1
5.3558	0.1
5.3558	0.1
5.3558	0.1
5.3608	0.1
5.3658	0.1
5.3675	0.1
5.3679	0.1
5.3679	0.1
5.3679	0.1
5.3679	0
5.3679	0.1
5.3679	0
5.3679	0.1
5.3679	0
5.3679	0.1
5.3679	0
5.3683	0.2
5.3708	0
5.375	0.2
5.3783	0
5.38	0.2
5.3829	0
5.3829	0.2
5.3829	0
5.3829	0.2
5.3829	0
5.3829	0.2
5.3829	0
5.3833	0.2
5.3846	0
5.3862	0.2
5.3883	0
5.3883	0.2
5.3937	0
5.3975	0.2
5.3979	0
5.3983	0.2
5.3983	0
5.3983	0.2
5.3983	0
5.3983	0.2
5.3983	0
5.3983	0.2
5.3983	0
5.3983	0.2
5.3983	0
5.3983	0.2
5.3987	0
5.3992	0.1
5.4	0
5.4004	0.1
5.4021	0
5.4046	0.1
5.405	0
5.4071	0.1
5.4096	0
5.4096	0.1
5.4096	0.1
5.4096	0.1
5.4096	0.1
5.4096	0
5.4096	0.1
5.4096	0
5.4096	0.1
5.4096	0
5.4125	0.1
5.4146	0
5.4158	0.1
5.4175	0
5.4204	0.1
5.4225	0
5.4271	0.2
5.4267	0
5.4267	0.2
5.4267	0
5.4267	0.2
5.4267	0
5.4267	0.2
5.4267	0
5.4267	0.2
5.4267	0
5.4267	0.2
5.4271	0
5.4275	0.2
5.4321	0
5.4346	0.2
5.4354	0
5.4379	0.2
5.4379	0
5.4383	0.2
5.4383	0
5.4387	0.2
5.4429	0
5.4429	0.2
5.4429	0
5.4429	0.2
5.4429	0
5.4429	0.2
5.4429	0
5.4429	0.2
5.4429	0
5.4429	0.2
5.4429	0
5.4437	0.1
5.4462	0
5.4504	0.1
5.4529	0
5.4592	0.1
5.4596	0.1
5.4596	0.1
5.4596	0.1
5.4596	0.1
5.4596	0.1
5.4596	0.1
5.4596	0.1
5.4596	0
5.4596	0.1
5.4596	0
5.4604	0.1
5.4604	0
5.4608	0.1
5.4617	0
5.4779	0.1
5.48	0
5.48	0.2
5.48	0
5.48	0.2
5.48	0
5.48	0.2
5.48	0
5.48	0.2
5.48	0
5.4812	0.2
5.4812	0
5.4817	0.2
5.4846	0
5.4858	0.2
5.4875	0
5.4925	0.2
5.4933	0
5.4954	0.2
5.4958	0
5.4958	0.2
5.4958	0
5.4958	0.2
5.4958	0
5.4958	0.2
5.4958	0
5.4958	0.2
5.4967	0
5.4992	0.2
5.4996	0
5.5058	0.2
5.5062	0
5.5067	0.2
5.5067	0
5.5067	0.1
5.5067	0
5.5067	0.1
5.5067	0
5.5067	0.1
5.5067	0
5.5067	0.1
5.5071	0.1
5.515	0.1
5.5171	0.1
5.5208	0.1
5.5237	0.1
5.5237	0.1
5.5237	0.1
5.5237	0
5.5237	0.1
5.5237	0
5.5237	0.1
5.5237	0
5.5242	0.1
5.5271	0
5.53	0.1
5.5304	0
5.5304	0.1
5.5308	0
5.5308	0.1
5.5308	0
5.5308	0.2
5.5308	0
5.5308	0.2
5.5308	0
5.5308	0.2
5.5308	0
5.5308	0.2
5.5312	0
5.5508	0.2
5.5496	0
5.5521	0.2
5.5521	0
5.5517	0.2
5.5517	0
5.5517	0.2
5.5517	0
5.5517	0.2
5.5537	0
5.5537	0.2
5.5537	0
5.5537	0.2
5.5537	0
5.5537	0.2
5.5537	0
5.5537	0.2
5.5537	0
5.5537	0.2
5.5537	0
5.5537	0.2
5.5537	0
5.5537	0.1
5.5537	0
5.5537	0.1
5.5537	0
5.5537	0.1
5.5542	0
5.5542	0.1
5.555	0
5.5554	0.1
5.5571	0.1
5.5571	0.1
5.5571	0.1
5.5571	0.1
5.5571	0.1
5.5571	0
5.5571	0.1
5.5571	0
5.5571	0.1
5.5571	0
5.5583	0.1
5.5667	0
5.5687	0.1
5.5696	0
5.5696	0.1
5.5696	0
5.5696	0.2
5.5696	0
5.5696	0.2
5.5696	0
5.5696	0.2
5.5696	0
5.5696	0.2
5.5696	0
5.5717	0.2
5.5725	0
5.5733	0.2
5.5742	0
5.5762	0.2
5.5767	0
5.5771	0.2
5.5771	0
5.5771	0.2
5.5771	0
5.5771	0.2
5.5775	0
5.5775	0.2
5.5775	0
5.5775	0.2
5.5775	0
5.5775	0.2
5.5775	0
5.5775	0.2
5.5775	0
5.5775	0.2
5.5775	0
5.5775	0.2
5.5775	0
5.5775	0.2
5.5775	0
5.5775	0.1
5.5775	0
5.5775	0.1
5.5775	0
5.5775	0.1
5.5775	0
5.5775	0.1
5.5775	0
5.5775	0.1
5.5775	0.1
5.5775	0.1
5.5775	0.1
5.5775	0.1
5.5775	0.1
5.5775	0
5.5775	0.1
5.5775	0
5.5775	0.1
5.5775	0
5.5775	0.1
5.5775	0
5.5775	0.2
5.5775	0
5.5775	0.2
5.5775	0
5.5775	0.2
5.5775	0
5.5775	0.2
5.5775	0
5.5775	0.2
5.5775	0
5.5775	0.2
5.5775	0
5.5775	0.2
5.5775	0
5.5775	0.2
5.5775	0
5.5775	0.2
5.5775	0
5.5775	0.2
5.5775	0
5.5775	0.2
5.5775	0
5.5775	0.2
5.5775	0