4.17E-04	0.1
4.17E-04	-0.1
4.17E-04	0.1
4.17E-04	-0.2
4.17E-04	0.1
4.17E-04	-0.2
4.17E-04	0.1
4.17E-04	-0.2
4.17E-04	0.1
4.17E-04	-0.2
4.17E-04	0.1
4.17E-04	-0.2
4.17E-04	0.1
4.17E-04	-0.2
4.17E-04	0.1
4.17E-04	-0.2
4.17E-04	0.1
4.17E-04	-0.2
4.17E-04	0.1
4.17E-04	-0.2
4.17E-04	0.1
4.17E-04	-0.2
4.17E-04	0.1
4.17E-04	-0.2
4.17E-04	0.1
4.17E-04	-0.2
4.17E-04	0.1
4.17E-04	-0.2
4.17E-04	0.1
4.17E-04	-0.2
4.17E-04	0.1
4.17E-04	-0.2
4.17E-04	0.1
4.17E-04	-0.2
4.17E-04	0.1
4.17E-04	-0.2
4.17E-04	0.1
4.17E-04	-0.2
4.17E-04	0.1
4.17E-04	-0.2
4.17E-04	0.1
4.17E-04	-0.2
4.17E-04	0.1
4.17E-04	-0.2
4.17E-04	0.1
4.17E-04	-0.2
4.17E-04	0.1
4.17E-04	-0.2
4.17E-04	0.1
4.17E-04	-0.2
4.17E-04	0.1
4.17E-04	-0.2
0.0058	0.1
0.0112	-0.2
0.0112	0.1
0.0112	-0.2
0.0112	0.1
0.0112	-0.2
0.0112	0.1
0.0112	-0.2
0.0112	0.1
0.0112	-0.2
0.0112	0.1
0.0112	-0.2
0.0112	0.1
0.0112	-0.2
0.0112	0.1
0.0112	-0.2
0.0112	0.1
0.0112	-0.2
0.0112	0.1
0.0112	-0.2
0.0112	0.1
0.0112	-0.2
0.0112	0.1
0.0112	-0.2
0.0112	0.1
0.0112	-0.2
0.0112	0.1
0.0112	-0.2
0.0112	0.1
0.0112	-0.2
0.0112	0.1
0.0117	-0.2
0.0117	0.1
0.0117	-0.2
0.0117	0.1
0.0133	-0.2
0.0133	0.1
0.0133	-0.2
0.0142	0.1
0.0179	-0.2
0.0183	0.1
0.0183	-0.2
0.0183	0.1
0.0183	-0.2
0.0183	0.1
0.0183	-0.2
0.0183	0.1
0.0183	-0.2
0.0183	0.1
0.0183	-0.2
0.0183	0.1
0.0204	-0.2
0.0208	0.1
0.0217	-0.2
0.0221	0.1
0.025	-0.2
0.0258	0.1
0.0271	-0.2
0.0275	0.1
0.0287	-0.2
0.0287	0.1
0.0296	-0.2
0.0325	0.1
0.0408	-0.2
0.0442	0.1
0.0437	-0.2
0.0437	0.1
0.0437	-0.2
0.0437	0.1
0.0437	-0.2
0.0437	0.1
0.0437	-0.2
0.0437	0.1
0.0437	-0.2
0.0437	0.1
0.0437	-0.2
0.0442	0.1
0.0475	-0.2
0.0496	0.1
0.0517	-0.2
0.0533	0.1
0.0592	-0.2
0.0592	0.1
0.06	-0.2
0.0646	0.1
0.0679	-0.2
0.0708	0.1
0.0704	-0.2
0.0704	0.1
0.0704	-0.1
0.0704	0.1
0.0704	-0.1
0.0704	0.1
0.0704	-0.1
0.0704	0.1
0.0704	-0.1
0.0704	0.1
0.0708	-0.1
0.0771	0.1
0.0779	-0.1
0.0779	0.1
0.085	-0.1
0.0917	0.1
0.0929	-0.1
0.0929	0.1
0.0929	-0.1
0.0992	0.1
0.1079	-0.1
0.1083	0.1
0.1083	-0.1
0.1083	0.1
0.1083	-0.1
0.1083	0.1
0.1083	-0.1
0.1083	0.1
0.1083	-0.1
0.1083	0.1
0.1087	-0.1
0.1096	0.1
0.115	-0.1
0.1175	0.1
0.1196	-0.1
0.1212	0.1
0.1217	-0.1
0.1229	0.1
0.1308	-0.1
0.1367	0.1
0.1392	-0.1
0.1454	0.1
0.1492	-0.1
0.1525	0.1
0.1529	0
0.1529	0.1
0.1529	0
0.1529	0.1
0.1529	0
0.1529	0.1
0.1529	0
0.1529	0.1
0.1529	0
0.1529	0.1
0.1529	0
0.1529	0.1
0.1533	0
0.1554	0.1
0.1562	0
0.1575	0.1
0.1588	0
0.1596	0.1
0.1654	-0.1
0.1662	0.1
0.17	0
0.1696	0.1
0.17	0
0.1704	0.1
0.1708	0
0.1762	0.1
0.1817	0
0.1837	0.1
0.1837	0
0.1837	0.1
0.1837	0
0.1837	0.1
0.1837	0
0.1837	0.1
0.1837	0
0.1837	0.1
0.1837	0
0.1837	0.1
0.1837	0
0.1837	0
0.1837	0
0.19	0
0.1912	0
0.1912	0
0.1917	0
0.2054	0
0.2133	0
0.2158	0
0.2158	-0.1
0.2158	0
0.2158	-0.1
0.2158	0
0.2158	0
0.2158	0
0.2158	0
0.2158	0
0.2158	0
0.2158	0
0.2158	0
0.2158	0
0.2158	0
0.2158	0
0.2158	0
0.2171	0
0.2187	0
0.22	0
0.2217	0
0.2217	0
0.2233	0
0.2275	0
0.2279	0
0.2279	0
0.2283	0
0.2292	0
0.2312	0
0.2325	0
0.2325	0
0.2325	0
0.2325	0
0.235	0
0.2371	0
0.2371	0
0.2371	0
0.2371	0
0.2425	0
0.2429	0
0.2429	0
0.2429	0
0.2429	0
0.2429	0
0.2429	0
0.2429	0
0.2429	0
0.2429	0
0.2429	0
0.2429	0
0.2429	0
0.2429	0
0.2429	0
0.2429	0
0.2429	0
0.2429	0
0.2458	0
0.25	0
0.25	0
0.25	0
0.25	0
0.25	0
0.25	0
0.25	0
0.25	0
0.2504	0
0.2533	0
0.2533	0
0.2533	0
0.2533	0
0.2575	0
0.2575	0
0.2579	0
0.2583	0
0.2583	0
0.2583	0
0.2583	0
0.2583	0
0.2583	0
0.2583	0
0.2583	0
0.2583	0
0.2583	0
0.2583	0
0.2583	0
0.2583	0
0.2583	0
0.2583	0
0.2587	0
0.2621	0
0.2654	0
0.2671	0
0.2679	0
0.2687	0
0.2721	0
0.2725	0
0.2725	0
0.2725	0
0.2725	0
0.2725	0
0.2725	0
0.2725	0
0.2725	0
0.2725	0
0.2725	0
0.2725	0
0.2725	0
0.2725	0
0.2725	0
0.2725	0
0.2725	0
0.2729	0
0.2817	0
0.2821	0
0.2821	0
0.2821	0
0.2821	0
0.2821	0
0.2875	0
0.2871	0
0.2871	0
0.2879	0
0.2879	0
0.2879	0
0.2879	0
0.2883	0
0.2883	0
0.2883	0
0.2887	0
0.2983	0
0.2983	0
0.2983	0
0.2983	0
0.2983	0
0.2983	0
0.2983	-0.1
0.2983	0
0.2983	-0.1
0.2983	0
0.2983	0
0.2983	0
0.2983	-0.1
0.2992	0
0.3	0
0.3092	0
0.3087	0
0.3087	0
0.3087	0
0.3092	0
0.3092	-0.1
0.3096	0
0.3096	-0.1
0.3096	0
0.3121	-0.1
0.3121	0
0.3121	-0.1
0.3137	0
0.3146	-0.1
0.3162	0
0.3167	-0.1
0.3217	0
0.3229	-0.1
0.3233	0
0.3233	-0.1
0.3233	0
0.3233	-0.1
0.3233	0
0.3233	-0.1
0.3233	0
0.3233	-0.1
0.3233	0
0.3233	-0.1
0.3242	0
0.3242	-0.1
0.3242	0
0.3246	-0.1
0.3292	0
0.3333	-0.1
0.3338	0
0.3346	-0.1
0.335	0
0.3375	-0.1
0.3417	0
0.3425	-0.1
0.3425	0
0.3425	-0.1
0.3425	0
0.3425	-0.1
0.3425	0.1
0.3425	-0.1
0.3425	0
0.3425	-0.1
0.3425	0.1
0.3425	-0.1
0.3425	0
0.3425	-0.1
0.3508	0
0.3512	-0.1
0.3517	0.1
0.3517	-0.1
0.3558	0.1
0.3587	-0.1
0.3633	0.1
0.3633	-0.1
0.3629	0.1
0.3637	-0.1
0.3717	0
0.3717	-0.1
0.3721	0.1
0.3721	-0.1
0.3721	0.1
0.3721	-0.1
0.3721	0.1
0.3721	-0.1
0.3721	0.1
0.3721	-0.1
0.3721	0.1
0.3721	-0.1
0.3721	0.1
0.3721	-0.1
0.3721	0.1
0.3721	-0.1
0.3721	0.1
0.3721	-0.1
0.3721	0.1
0.3721	-0.1
0.3729	0.1
0.3792	-0.1
0.3812	0.1
0.3817	-0.1
0.3817	0.1
0.3829	-0.1
0.3871	0.1
0.3867	-0.1
0.3867	0.1
0.3867	-0.1
0.3875	0.1
0.3879	-0.1
0.3879	0.1
0.3879	-0.1
0.3879	0.1
0.3879	-0.1
0.3879	0.1
0.3879	-0.1
0.3879	0.1
0.3879	-0.1
0.3879	0.1
0.3879	-0.1
0.3879	0.1
0.3879	-0.1
0.3879	0.1
0.3908	-0.1
0.3975	0.1
0.3983	-0.1
0.3983	0.1
0.3983	-0.1
0.4046	0.1
0.4062	-0.1
0.4067	0.1
0.4067	-0.1
0.4067	0.1
0.4067	-0.1
0.4067	0.1
0.4067	-0.1
0.4067	0.1
0.4067	-0.1
0.4067	0.1
0.4067	-0.1
0.4067	0.1
0.4067	-0.1
0.4067	0.1
0.4067	-0.1
0.4067	0.1
0.4083	-0.1
0.4104	0.1
0.4104	-0.1
0.4104	0.1
0.4112	-0.1
0.4121	0.1
0.4121	-0.1
0.4125	0.1
0.4146	-0.1
0.4146	0.1
0.4146	-0.1
0.4154	0.1
0.4167	-0.1
0.42	0.1
0.4217	-0.1
0.4262	0.1
0.4283	-0.1
0.4292	0.1
0.4292	-0.1
0.4292	0.1
0.4292	-0.1
0.4292	0.1
0.4292	-0.1
0.4292	0.1
0.4292	-0.1
0.4292	0.1
0.4292	-0.1
0.4296	0.1
0.4337	-0.1
0.435	0.1
0.435	-0.1
0.4362	0.1
0.4417	-0.1
0.4446	0.1
0.4467	-0.1
0.4475	0.1
0.4479	-0.1
0.4479	0.1
0.4479	-0.1
0.4479	0.1
0.4479	-0.1
0.4479	0.1
0.4479	-0.1
0.4479	0.1
0.4479	-0.1
0.4479	0.1
0.4479	-0.1
0.4479	0.1
0.4504	-0.1
0.4521	0.1
0.4546	-0.1
0.4546	0.1
0.4571	-0.1
0.4588	0.1
0.4633	-0.1
0.465	0.1
0.47	-0.1
0.4733	0.1
0.4733	-0.1
0.4733	0.1
0.4733	-0.1
0.4733	0.1
0.4733	-0.1
0.4733	0.1
0.4733	-0.1
0.4733	0.1
0.4733	-0.1
0.4733	0.1
0.4733	-0.1
0.4733	0.1
0.4733	0
0.4733	0.1
0.4733	0
0.4737	0.1
0.4771	0
0.4779	0.1
0.4779	0
0.4779	0.1
0.4787	0
0.4842	0.1
0.4842	0
0.4837	0.1
0.4842	0
0.4892	0.1
0.4887	0
0.4887	0.1
0.4887	0
0.4892	0.1
0.495	0
0.495	0.1
0.495	0
0.4946	0.1
0.4946	0
0.4946	0.1
0.4946	0
0.4946	0.1
0.4946	-0.1
0.4946	0.1
0.4946	0
0.4946	0.1
0.4946	0
0.4946	0.1
0.4946	0
0.4958	0.1
0.4992	0
0.4987	0.1
0.5008	0
0.5012	0.1
0.5012	0
0.5012	0.1
0.5012	0
0.5012	0.1
0.5012	0
0.5012	0.1
0.5012	0
0.5012	0.1
0.5012	0
0.5012	0.1
0.5012	0
0.5012	0.1
0.5012	0
0.5012	0.1
0.5012	0
0.5042	0.1
0.5042	0
0.5087	0.1
0.5092	0
0.5087	0.1
0.5092	0
0.51	0.1
0.5121	0
0.5137	0.1
0.5158	0
0.5158	0.1
0.5158	0
0.5158	0.1
0.5158	0
0.5163	0.1
0.5163	0
0.5158	0.1
0.5158	0
0.5158	0.1
0.5158	0
0.5158	0.1
0.5171	0
0.5175	0.1
0.5179	0
0.5179	0.1
0.5183	0
0.5187	0.1
0.5187	0
0.5187	0.1
0.5187	0
0.5187	0.1
0.5187	0
0.5187	0.1
0.5187	0
0.5187	0.1
0.5187	0
0.5192	0.1
0.5192	0
0.5192	0.1
0.52	0
0.5425	0.1
0.5383	0
0.5387	0.1
0.5392	0
0.5396	0.1
0.54	0
0.5408	0.1
0.5408	0
0.5408	0.1
0.5408	0
0.5408	0.1
0.5408	0
0.5408	0.1
0.5408	0
0.5408	0.1
0.5408	0
0.5408	0.1
0.5408	0
0.5408	0.1
0.5433	0
0.5437	0.1
0.5442	0
0.5446	0.1
0.5463	0
0.5463	0.1
0.5471	0
0.5512	0.1
0.5517	0
0.5517	0
0.5517	0
0.5517	0
0.5517	0
0.5517	0.1
0.5517	0
0.5517	0.1
0.5517	0
0.5521	0.1
0.5525	0
0.56	0.1
0.565	0
0.5683	0
0.5737	0
0.5737	0
0.5737	0
0.5737	0
0.5737	0
0.5737	0.1
0.5737	0
0.5737	0
0.5737	0
0.5737	0
0.5737	0
0.5737	0
0.5737	0
0.5737	0
0.5754	0
0.5754	0
0.5754	0
0.5758	0
0.5762	0
0.58	0
0.5804	0
0.5804	0
0.5808	0
0.5812	0
0.5829	0
0.5838	0
0.5879	0
0.5879	0
0.5879	0
0.5879	0
0.5879	0
0.5879	0
0.5879	0
0.5879	0
0.5879	0
0.5883	0
0.5929	0
0.5942	0
0.5975	0
0.6012	0
0.6042	0
0.6042	0
0.6042	0
0.6042	0
0.6042	0
0.6042	0
0.6042	0
0.6042	0
0.6042	0
0.6042	0
0.6042	0
0.6046	0
0.6088	0
0.6117	0
0.6146	0
0.6171	0
0.6212	0
0.6233	0
0.6258	0
0.6262	0
0.6262	0
0.6262	0
0.6262	0
0.6262	0
0.6262	0
0.6262	0.1
0.6262	0
0.6262	0
0.6262	0
0.6262	0
0.6262	0
0.6279	0
0.6333	0
0.6342	0
0.6367	0
0.6417	0
0.6429	0
0.6467	0
0.6475	0
0.6475	0.1
0.6475	0
0.6475	0.1
0.6475	0
0.6475	0.1
0.6475	0
0.6475	0
0.6475	0
0.6475	0.1
0.6475	0
0.6496	0.1
0.6537	0
0.6567	0.1
0.6608	0.1
0.6646	0.1
0.6654	0.1
0.6658	0.1
0.6667	0.1
0.6667	0.1
0.6667	0.1
0.6667	0.1
0.6667	0.1
0.6667	0.1
0.6667	0.1
0.6667	0.1
0.6667	0.1
0.6667	0.1
0.6667	0.1
0.6667	0.1
0.6667	0.1
0.6733	0.1
0.6737	0.1
0.6742	0.1
0.6742	0.1
0.6746	0.1
0.6771	0.1
0.6792	0.1
0.6796	0.1
0.6858	0.1
0.6887	0.1
0.6904	0.1
0.6904	0.1
0.6904	0.1
0.6904	0.1
0.6904	0.1
0.6904	0.1
0.6904	0.1
0.6904	0.1
0.6904	0.1
0.6971	0.1
0.6992	0.1
0.7046	0.2
0.7071	0.1
0.7117	0.2
0.7121	0.2
0.7121	0.2
0.7121	0.1
0.7121	0.2
0.7121	0.2
0.7121	0.2
0.7121	0.2
0.7121	0.2
0.7121	0.2
0.7121	0.2
0.7154	0.2
0.7196	0.2
0.7204	0.2
0.7262	0.2
0.7275	0.2
0.7287	0.2
0.7296	0.2
0.7342	0.2
0.7379	0.2
0.7383	0.2
0.7383	0.2
0.7383	0.2
0.7383	0.2
0.7383	0.2
0.7383	0.2
0.7383	0.2
0.7383	0.2
0.7383	0.2
0.7383	0.2
0.7383	0.2
0.7392	0.2
0.7442	0.2
0.7446	0.2
0.75	0.2
0.7521	0.2
0.7604	0.2
0.7608	0.2
0.7608	0.2
0.7608	0.2
0.7608	0.2
0.7608	0.2
0.7608	0.2
0.7608	0.2
0.7608	0.2
0.7608	0.2
0.7692	0.2
0.7754	0.1
0.7829	0.2
0.7854	0.1
0.7862	0.2
0.7862	0.1
0.7862	0.2
0.7862	0.1
0.7862	0.2
0.7862	0.1
0.7862	0.2
0.7862	0.1
0.7892	0.2
0.7942	0.1
0.8004	0.1
0.8058	0.1
0.81	0.1
0.81	0.1
0.81	0.1
0.81	0.1
0.81	0.1
0.8104	0.1
0.8104	0.1
0.8104	0.1
0.8112	0.1
0.8225	0
0.8283	0.1
0.8354	0
0.8354	0.1
0.8354	0
0.8354	0.1
0.8354	0
0.8354	0.1
0.8354	0
0.8354	0.1
0.8362	0
0.8483	0.1
0.8558	0
0.8633	0.1
0.8629	0
0.8629	0.1
0.8629	0
0.8629	0.1
0.8629	0
0.8629	0.1
0.8629	0
0.8629	0.1
0.8667	0
0.8696	0.1
0.8721	0
0.8729	0.1
0.8737	0
0.8796	0.1
0.8812	0.1
0.8833	0.1
0.8833	0
0.8833	0.1
0.8833	0.1
0.8833	0.1
0.8833	0
0.8833	0.1
0.8833	0
0.8833	0.1
0.8854	0.1
0.8942	0.2
0.8996	0.1
0.9025	0.2
0.9029	0.1
0.9033	0.2
0.9033	0.1
0.9033	0.2
0.9033	0.1
0.9033	0.2
0.9033	0.1
0.9033	0.2
0.9038	0.1
0.9125	0.2
0.9162	0.1
0.9229	0.3
0.9258	0.2
0.9346	0.3
0.9346	0.2
0.9346	0.3
0.9346	0.2
0.9346	0.4
0.9346	0.2
0.9346	0.3
0.9346	0.2
0.9346	0.3
0.9371	0.2
0.9442	0.4
0.9508	0.3
0.9592	0.4
0.965	0.3
0.9654	0.4
0.9654	0.3
0.9654	0.4
0.9654	0.3
0.9654	0.5
0.9654	0.3
0.9654	0.5
0.9654	0.3
0.9654	0.4
0.9658	0.3
0.9729	0.5
0.9792	0.4
0.9904	0.5
0.9946	0.4
0.9946	0.5
0.9946	0.4
0.9946	0.5
0.9946	0.4
0.9946	0.5
0.9946	0.4
0.9946	0.5
0.9967	0.4
1.0004	0.5
1.0008	0.4
1.0187	0.6
1.0229	0.4
1.0258	0.5
1.0258	0.4
1.0258	0.5
1.0258	0.4
1.0258	0.5
1.0258	0.4
1.0258	0.5
1.0308	0.4
1.0362	0.5
1.0438	0.4
1.045	0.5
1.045	0.4
1.045	0.5
1.045	0.4
1.045	0.5
1.045	0.4
1.045	0.5
1.045	0.4
1.0458	0.5
1.0521	0.4
1.0529	0.5
1.06	0.4
1.0663	0.5
1.07	0.3
1.0763	0.4
1.0758	0.3
1.0758	0.4
1.0758	0.3
1.0758	0.4
1.0758	0.3
1.0758	0.5
1.0787	0.3
1.0854	0.4
1.0958	0.2
1.1004	0.4
1.1004	0.2
1.1004	0.4
1.1004	0.2
1.1004	0.4
1.1004	0.2
1.1004	0.4
1.1004	0.2
1.1029	0.4
1.1117	0.2
1.1183	0.3
1.1267	0.2
1.1292	0.3
1.1292	0.2
1.1292	0.3
1.1292	0.2
1.1292	0.3
1.1292	0.2
1.1292	0.3
1.1292	0.2
1.1292	0.3
1.1333	0.2
1.1379	0.3
1.14	0.2
1.1467	0.3
1.1467	0.2
1.1467	0.3
1.1467	0.2
1.1467	0.4
1.1467	0.2
1.1467	0.3
1.1467	0.2
1.1467	0.3
1.1471	0.2
1.155	0.3
1.1579	0.2
1.1617	0.3
1.1708	0.2
1.1708	0.4
1.1708	0.3
1.1708	0.4
1.1708	0.3
1.1708	0.4
1.1708	0.3
1.1708	0.4
1.1708	0.3
1.1708	0.4
1.1733	0.3
1.1783	0.4
1.1833	0.3
1.1904	0.5
1.1983	0.4
1.1992	0.5
1.1992	0.4
1.1992	0.5
1.1992	0.4
1.1992	0.5
1.1992	0.4
1.1992	0.5
1.1992	0.4
1.1992	0.5
1.2013	0.4
1.21	0.6
1.2175	0.5
1.2246	0.7
1.2254	0.5
1.225	0.7
1.225	0.5
1.225	0.7
1.225	0.5
1.225	0.7
1.225	0.5
1.225	0.7
1.225	0.6
1.225	0.7
1.225	0.6
1.225	0.7
1.225	0.6
1.225	0.7
1.225	0.6
1.2262	0.7
1.2283	0.6
1.2346	0.8
1.2421	0.7
1.25	0.8
1.2513	0.7
1.2513	0.8
1.2513	0.7
1.2513	0.9
1.2513	0.7
1.2513	0.8
1.2513	0.7
1.2513	0.8
1.2513	0.7
1.2513	0.8
1.2546	0.7
1.2587	0.9
1.2646	0.8
1.2713	0.9
1.275	0.8
1.2771	0.9
1.2771	0.8
1.2771	0.9
1.2771	0.8
1.2771	0.9
1.2771	0.8
1.2771	0.9
1.2804	0.8
1.2875	0.9
1.2958	0.8
1.305	0.9
1.305	0.8
1.305	0.9
1.305	0.8
1.305	0.9
1.305	0.8
1.305	0.9
1.305	0.8
1.305	0.9
1.3108	0.8
1.3167	0.9
1.325	0.7
1.3267	0.8
1.3267	0.7
1.3267	0.8
1.3267	0.7
1.3267	0.8
1.3267	0.7
1.3267	0.8
1.3283	0.7
1.3363	0.8
1.3429	0.6
1.3479	0.6
1.3479	0.5
1.3479	0.7
1.3479	0.5
1.3479	0.6
1.3479	0.5
1.3479	0.6
1.3479	0.5
1.3479	0.6
1.3567	0.5
1.3604	0.6
1.3696	0.4
1.3696	0.5
1.3696	0.4
1.3696	0.5
1.3696	0.4
1.3696	0.5
1.3696	0.4
1.3696	0.5
1.3696	0.4
1.3729	0.5
1.3804	0.4
1.3854	0.4
1.3888	0.3
1.3892	0.4
1.3892	0.3
1.3892	0.4
1.3892	0.3
1.3892	0.4
1.3892	0.3
1.3892	0.4
1.3892	0.3
1.3975	0.4
1.4008	0.3
1.4075	0.4
1.4079	0.3
1.4079	0.4
1.4079	0.3
1.4079	0.4
1.4079	0.3
1.4079	0.4
1.4079	0.3
1.4096	0.4
1.4179	0.3
1.4188	0.4
1.4188	0.3
1.4188	0.4
1.4188	0.3
1.4188	0.4
1.4188	0.3
1.4188	0.4
1.4188	0.3
1.4188	0.4
1.4192	0.3
1.4192	0.4
1.42	0.3
1.4213	0.4
1.4217	0.3
1.4417	0.4
1.4429	0.4
1.4429	0.4
1.4429	0.4
1.4429	0.5
1.4429	0.4
1.4429	0.5
1.4429	0.4
1.4429	0.4
1.4429	0.4
1.4442	0.5
1.4442	0.5
1.4442	0.5
1.4442	0.5
1.4442	0.5
1.4442	0.5
1.4442	0.5
1.4442	0.5
1.4442	0.5
1.4442	0.5
1.4442	0.5
1.4442	0.5
1.4446	0.6
1.445	0.6
1.4483	0.6
1.4529	0.6
1.4558	0.7
1.4558	0.6
1.4558	0.7
1.4558	0.7
1.4558	0.7
1.4558	0.6
1.4558	0.7
1.4558	0.7
1.4558	0.7
1.4558	0.6
1.4608	0.7
1.4633	0.8
1.4671	0.8
1.4954	0.8
1.4887	0.8
1.4879	0.8
1.4887	0.8
1.4887	0.8
1.4887	0.8
1.4887	0.8
1.4887	0.8
1.4887	0.8
1.4896	0.9
1.4904	0.9
1.5079	1
1.5087	1
1.5087	1
1.5087	1
1.5087	1
1.5087	1
1.5087	1
1.5087	1
1.5087	1
1.5087	1
1.5096	1
1.5142	1
1.5213	1
1.5225	1
1.5225	1
1.5225	1
1.5225	1
1.5225	1
1.5225	1
1.5225	1
1.5225	1
1.5225	1
1.5225	1
1.5225	1
1.5242	1
1.5246	1
1.5287	1
1.53	1
1.5308	1
1.5313	1
1.5313	1
1.5313	1
1.5313	1
1.5313	1
1.5313	1
1.5313	1
1.5313	1
1.5313	1
1.5433	1
1.5529	1
1.5554	0.9
1.5625	0.9
1.5621	0.9
1.5621	0.9
1.5621	0.9
1.5617	0.9
1.5617	0.9
1.5617	0.9
1.5617	0.9
1.5617	0.9
1.5617	0.9
1.5617	0.9
1.5629	0.9
1.565	0.9
1.5667	0.8
1.5721	0.8
1.5783	0.7
1.5792	0.7
1.5792	0.7
1.5792	0.7
1.5792	0.7
1.5792	0.7
1.5792	0.7
1.5792	0.7
1.5792	0.7
1.5846	0.7
1.5908	0.6
1.595	0.6
1.6	0.5
1.6008	0.5
1.6008	0.5
1.6008	0.5
1.6008	0.4
1.6008	0.5
1.6008	0.5
1.6008	0.5
1.6008	0.4
1.6008	0.5
1.6029	0.4
1.6125	0.4
1.6183	0.3
1.6242	0.3
1.6246	0.3
1.6246	0.3
1.6246	0.3
1.6246	0.3
1.6246	0.3
1.6246	0.3
1.6246	0.2
1.6246	0.3
1.6246	0.2
1.6279	0.3
1.6337	0.2
1.6396	0.2
1.6446	0.2
1.645	0.2
1.645	0.2
1.645	0.2
1.645	0.2
1.645	0.3
1.645	0.2
1.645	0.2
1.645	0.2
1.645	0.2
1.6512	0.2
1.6558	0.2
1.6642	0.2
1.6667	0.3
1.6667	0.2
1.6667	0.3
1.6667	0.2
1.6667	0.3
1.6667	0.2
1.6667	0.3
1.6667	0.2
1.6667	0.3
1.6733	0.3
1.6771	0.4
1.6813	0.3
1.6813	0.4
1.6817	0.3
1.6817	0.4
1.6817	0.3
1.6817	0.4
1.6817	0.3
1.6817	0.4
1.6817	0.3
1.6817	0.4
1.6817	0.3
1.69	0.4
1.6925	0.4
1.695	0.5
1.6967	0.4
1.7008	0.5
1.7008	0.5
1.7008	0.5
1.7008	0.4
1.7008	0.5
1.7008	0.4
1.7008	0.5
1.7008	0.5
1.7008	0.5
1.7008	0.5
1.7017	0.5
1.7046	0.5
1.7158	0.6
1.7162	0.5
1.7225	0.6
1.7237	0.6
1.7237	0.6
1.7237	0.6
1.7237	0.7
1.7237	0.6
1.7237	0.6
1.7237	0.6
1.7267	0.7
1.7338	0.6
1.7387	0.7
1.7408	0.6
1.7471	0.8
1.75	0.7
1.75	0.8
1.75	0.7
1.75	0.8
1.75	0.7
1.75	0.8
1.75	0.7
1.75	0.8
1.7504	0.7
1.7513	0.8
1.7542	0.7
1.7571	0.8
1.7592	0.7
1.7621	0.8
1.7646	0.7
1.7692	0.8
1.7696	0.7
1.7696	0.8
1.7696	0.7
1.7696	0.8
1.7696	0.7
1.7696	0.8
1.7696	0.7
1.7696	0.8
1.7717	0.7
1.78	0.7
1.7858	0.6
1.7938	0.7
1.7958	0.6
1.7963	0.7
1.7963	0.5
1.7963	0.7
1.7963	0.6
1.7963	0.7
1.7963	0.6
1.7963	0.7
1.7963	0.6
1.7975	0.6
1.8004	0.5
1.8042	0.6
1.8058	0.5
1.8071	0.6
1.8087	0.4
1.8087	0.5
1.8087	0.4
1.8087	0.5
1.8087	0.4
1.8087	0.5
1.8087	0.4
1.8087	0.5
1.8138	0.4
1.8204	0.4
1.8212	0.3
1.8217	0.4
1.8325	0.2
1.8396	0.3
1.84	0.2
1.84	0.4
1.84	0.2
1.84	0.3
1.84	0.2
1.84	0.3
1.84	0.2
1.8421	0.3
1.8446	0.2
1.845	0.3
1.845	0.1
1.8583	0.2
1.8596	0.1
1.8608	0.2
1.8608	0.1
1.8608	0.2
1.8608	0.1
1.8608	0.2
1.8608	0.1
1.8608	0.2
1.8608	0.1
1.8621	0.2
1.8708	0
1.8717	0.1
1.8733	0
1.8754	0.1
1.8754	0
1.8754	0.1
1.8754	0
1.8754	0.1
1.8754	0
1.8754	0.1
1.8754	0
1.8767	0.1
1.8846	0
1.885	0.1
1.8879	0
1.89	0.1
1.895	0
1.8967	0.1
1.9017	0
1.9021	0.1
1.9021	0
1.9021	0.1
1.9021	0
1.9021	0.1
1.9021	0
1.9021	0.1
1.9021	0
1.9021	0.1
1.9021	0
1.9029	0.1
1.9092	0
1.9121	0.2
1.9162	0.1
1.9213	0.2
1.9275	0.1
1.9275	0.2
1.9275	0.1
1.9275	0.2
1.9275	0.1
1.9275	0.2
1.9275	0.1
1.9288	0.2
1.9379	0.2
1.9408	0.3
1.9471	0.2
1.9521	0.3
1.9533	0.2
1.9533	0.3
1.9533	0.2
1.9533	0.3
1.9533	0.2
1.9533	0.3
1.9533	0.2
1.9533	0.4
1.9575	0.2
1.9604	0.4
1.9637	0.3
1.9679	0.4
1.9696	0.3
1.9696	0.4
1.9696	0.3
1.9696	0.4
1.9696	0.3
1.9696	0.4
1.9696	0.3
1.97	0.4
1.9758	0.3
1.9783	0.4
1.9867	0.3
1.9913	0.4
1.9938	0.3
1.9942	0.4
1.9942	0.3
1.9942	0.4
1.9942	0.3
1.9942	0.4
1.9942	0.3
1.9942	0.4
1.9979	0.3
1.9996	0.4
2.0004	0.3
2.0025	0.4
2.0067	0.3
2.0096	0.4
2.0142	0.3
2.0146	0.4
2.0146	0.3
2.0146	0.4
2.0146	0.3
2.0146	0.4
2.0146	0.3
2.0146	0.4
2.0208	0.3
2.025	0.4
2.0283	0.2
2.0346	0.3
2.0404	0.2
2.0425	0.3
2.0425	0.2
2.0425	0.3
2.0425	0.2
2.0425	0.3
2.0425	0.2
2.0425	0.3
2.0425	0.2
2.0483	0.2
2.0517	0.1
2.0583	0.2
2.0637	0.1
2.0717	0.1
2.075	0
2.075	0.1
2.075	0
2.075	0.2
2.075	0
2.075	0.1
2.0771	0
2.0842	0.1
2.0937	0
2.1004	0.1
2.1037	0
2.1037	0.1
2.1037	0
2.1037	0.1
2.1037	0
2.1037	0.1
2.1037	0
2.1037	0.1
2.1046	0
2.1096	0.1
2.1125	0
2.1171	0.2
2.1246	0.1
2.1296	0.3
2.1296	0.2
2.1296	0.3
2.1296	0.2
2.1296	0.2
2.1296	0.1
2.1296	0.3
2.1296	0.2
2.1296	0.3
2.1296	0.2
2.1304	0.3
2.1342	0.2
2.1342	0.3
2.1367	0.2
2.1371	0.3
2.1375	0.2
2.1412	0.4
2.1458	0.3
2.1512	0.5
2.155	0.4
2.1562	0.5
2.1562	0.4
2.1562	0.6
2.1562	0.4
2.1562	0.5
2.1562	0.5
2.1562	0.5
2.1596	0.5
2.1646	0.6
2.1696	0.6
2.1758	0.8
2.1767	0.7
2.1767	0.8
2.1767	0.7
2.1767	0.8
2.1767	0.7
2.1767	0.8
2.1767	0.7
2.1767	0.8
2.1796	0.8
2.1804	0.9
2.1833	0.8
2.1842	0.9
2.1892	0.9
2.1929	1
2.1942	0.9
2.1942	1
2.1942	0.9
2.1942	1
2.1942	0.9
2.1942	1
2.1946	0.9
2.2	1
2.2017	1
2.2058	1.1
2.2121	1
2.2167	1.2
2.2175	1.1
2.2175	1.1
2.2175	1
2.2175	1.1
2.2175	1.1
2.2175	1.2
2.2175	1.1
2.2179	1.2
2.2225	1.1
2.2242	1.2
2.2246	1.1
2.2287	1.2
2.2321	1.1
2.2371	1.1
2.2437	1
2.2442	1.1
2.2442	1
2.2442	1.1
2.2442	1
2.2442	1.1
2.2442	1
2.2442	1.1
2.2508	1
2.2529	1
2.2546	0.9
2.2629	0.9
2.2637	0.8
2.2646	0.9
2.2646	0.8
2.2646	0.9
2.2646	0.8
2.2646	0.9
2.2646	0.8
2.2771	0.8
2.2775	0.7
2.2783	0.7
2.2833	0.6
2.2871	0.6
2.2921	0.5
2.2921	0.5
2.2921	0.5
2.2921	0.5
2.2921	0.5
2.2921	0.5
2.2921	0.5
2.2921	0.5
2.2933	0.5
2.3008	0.5
2.305	0.3
2.3125	0.3
2.3204	0.2
2.3292	0.3
2.3292	0.3
2.3292	0.3
2.3292	0.3
2.3292	0.3
2.3292	0.3
2.3292	0.3
2.3292	0.3
2.3304	0.3
2.3371	0.3
2.34	0.4
2.3429	0.4
2.3471	0.5
2.3471	0.5
2.3471	0.5
2.3471	0.5
2.3471	0.5
2.3471	0.5
2.3471	0.5
2.3471	0.5
2.3504	0.6
2.3542	0.7
2.36	0.9
2.3629	0.9
2.3633	1
2.3633	1
2.3633	1
2.3633	0.9
2.3633	1
2.3633	1
2.3633	1
2.3633	1
2.3679	1.1
2.3704	1.2
2.3758	1.4
2.3821	1.6
2.3879	1.9
2.3879	1.9
2.3879	1.9
2.3879	1.9
2.3879	1.9
2.3879	1.9
2.3879	2
2.3879	2
2.3921	2.1
2.3996	2.4
2.405	2.7
2.41	2.9
2.4192	3.1
2.4192	3.1
2.4192	3.1
2.4192	3.1
2.4192	3.1
2.4192	3.1
2.4192	3.1
2.4192	3.1
2.4192	3.2
2.4371	3.5
2.4375	3.6
2.4375	3.7
2.44	3.7
2.4437	3.8
2.4437	3.8
2.4437	3.8
2.4437	3.8
2.4437	3.8
2.4437	3.8
2.4437	3.8
2.4437	3.8
2.4437	3.8
2.4442	3.8
2.4542	3.9
2.4579	3.9
2.4583	3.9
2.4592	3.9
2.4592	3.9
2.4592	3.9
2.4592	3.9
2.4592	3.9
2.4592	3.9
2.4592	3.9
2.4687	3.9
2.4787	3.7
2.4846	3.6
2.4871	3.5
2.4875	3.5
2.4875	3.5
2.4875	3.5
2.4875	3.5
2.4875	3.5
2.4875	3.5
2.4883	3.5
2.4979	3.1
2.5062	2.8
2.5112	2.4
2.5183	2.2
2.5183	2.1
2.5183	2.2
2.5183	2.1
2.5183	2.2
2.5183	2.1
2.5183	2.2
2.5183	2.1
2.5217	1.8
2.5287	1.5
2.535	1.3
2.5396	1.1
2.5404	1.1
2.5404	1.1
2.5404	1.1
2.5404	1.1
2.5404	1.1
2.5404	1.1
2.5404	1.1
2.5437	0.9
2.5492	0.8
2.5579	0.6
2.5675	0.6
2.5687	0.6
2.5687	0.6
2.5687	0.6
2.5687	0.6
2.5687	0.6
2.5687	0.6
2.5687	0.6
2.5758	0.7
2.5842	0.9
2.5958	1.3
2.6067	1.9
2.6075	2
2.6075	2
2.6075	2
2.6075	1.9
2.6075	2
2.6075	2
2.6075	2
2.6108	2.4
2.6212	3
2.6229	3.3
2.6312	4
2.6371	4.4
2.6371	4.5
2.6371	4.5
2.6371	4.5
2.6371	4.5
2.6371	4.6
2.6371	4.5
2.6387	5.1
2.6521	5.8
2.6604	6.9
2.6675	7.5
2.6704	7.7
2.6704	7.7
2.6704	7.8
2.6704	7.7
2.6704	7.8
2.6704	7.7
2.6704	7.8
2.6771	8.2
2.6842	8.6
2.6933	8.8
2.6996	8.9
2.6996	8.8
2.6996	8.9
2.6996	8.8
2.6996	8.9
2.6996	8.8
2.6996	8.9
2.6996	8.8
2.7025	8.9
2.7092	8.7
2.7158	8.7
2.72	8.3
2.72	8.3
2.72	8.2
2.72	8.3
2.72	8.2
2.72	8.3
2.72	8.2
2.72	8.2
2.7204	7.7
2.7208	7.2
2.7254	6.5
2.7342	6.2
2.7529	6.1
2.7533	6.1
2.7504	6.1
2.7508	6.1
2.7508	6.1
2.7508	6.1
2.7508	6.1
2.7512	5.8
2.7562	5.3
2.76	4.7
2.7671	3.7
2.7775	3.1
2.7821	2.6
2.7833	2.6
2.7833	2.5
2.7833	2.6
2.7833	2.5
2.7833	2.6
2.7837	2.2
2.7887	1.6
2.7996	1.2
2.8046	1
2.8146	0.8
2.8146	0.9
2.8146	0.8
2.8146	0.9
2.8146	0.8
2.8146	0.9
2.8146	0.8
2.8146	0.9
2.8146	0.8
2.8154	0.9
2.8162	0.8
2.8275	1.1
2.8325	1.4
2.845	2.1
2.8471	2.4
2.8471	2.6
2.8471	2.5
2.8471	2.6
2.8471	2.5
2.8471	2.7
2.8471	2.5
2.85	3.3
2.8654	4.8
2.8708	5.9
2.8825	7.3
2.8825	7.7
2.8825	7.7
2.8825	7.8
2.8825	7.7
2.8825	7.8
2.8825	7.7
2.8825	7.8
2.8825	7.7
2.8829	8.4
2.8917	9.6
2.8971	10.6
2.9083	11.4
2.9117	12.2
2.9133	12.1
2.9133	12.2
2.9133	12.1
2.9133	12.2
2.9133	12.1
2.9133	12.2
2.9133	12.1
2.9154	12.7
2.9312	13.5
2.9333	14
2.9371	14.1
2.9408	14.2
2.9412	14.1
2.9412	14.2
2.9412	14.1
2.9412	14.2
2.9412	14.1
2.9412	14.2
2.9421	14.1
2.9571	13.9
2.9592	13.5
2.9658	12.9
2.9804	11.8
2.9817	11.6
2.9817	11.5
2.9817	11.5
2.9817	11.4
2.9817	11.4
2.9817	11.3
2.9817	11.5
2.9817	11.3
2.9833	10.9
2.9887	10
2.9992	9
3.0083	7.5
3.0167	6.2
3.0167	6
3.0167	6.1
3.0167	5.9
3.0167	6.1
3.0167	5.9
3.0167	6
3.0167	5.9
3.0167	5.9
3.0171	5.3
3.0192	4.8
3.0229	4
3.0296	3.4
3.0371	2.3
3.0442	1.9
3.0442	1.7
3.0442	1.8
3.0442	1.6
3.0442	1.8
3.0442	1.6
3.0442	1.8
3.0442	1.7
3.0442	1.7
3.05	1.3
3.0521	1.3
3.0567	1
3.0642	1.2
3.065	1.1
3.065	1.2
3.065	1.1
3.065	1.2
3.065	1.1
3.065	1.2
3.065	1.1
3.065	1.2
3.0671	1.2
3.0679	1.4
3.0721	1.4
3.0729	1.6
3.0758	1.7
3.0812	2.3
3.0883	2.5
3.0883	2.7
3.0883	2.6
3.0883	2.7
3.0883	2.6
3.0883	2.7
3.0883	2.6
3.0883	2.7
3.0883	2.6
3.0883	2.7
3.0883	2.6
3.0883	2.9
3.0904	3.2
3.1	3.9
3.1012	4.2
3.1037	4.7
3.1058	5.1
3.1058	5.2
3.1058	5.1
3.1058	5.2
3.1058	5.1
3.1058	5.2
3.1058	5.2
3.1058	5.2
3.1067	5.4
3.1087	6
3.115	6.8
3.1167	8
3.1287	9.3
3.1312	10.3
3.1312	10.3
3.1312	10.4
3.1312	10.3
3.1312	10.4
3.1312	10.3
3.1312	10.4
3.1312	10.4
3.1317	10.5
3.1325	11.2
3.1396	11.9
3.1425	12.6
3.1433	13
3.1454	13.3
3.1504	13.6
3.1504	13.6
3.1504	13.7
3.1504	13.6
3.1504	13.7
3.1504	13.6
3.1504	13.7
3.1504	13.6
3.1504	13.8
3.1517	14.3
3.1525	14.7
3.1542	15
3.1658	15.7
3.1671	16.1
3.1683	16.4
3.1683	16.4
3.1683	16.4
3.1683	16.4
3.1683	16.4
3.1683	16.4
3.1683	16.4
3.1683	16.4
3.1683	16.5
3.1708	17
3.1846	17.5
3.1883	17.7
3.1908	17.8
3.1912	17.8
3.1912	17.8
3.1912	17.8
3.1912	17.8
3.1912	17.8
3.1912	17.9
3.1912	17.8
3.1912	17.9
3.1912	17.8
3.1917	17.8
3.1921	17.7
3.2067	17.4
3.2108	17
3.2154	16.6
3.2158	16.6
3.2158	16.6
3.2158	16.5
3.2158	16.6
3.2158	16.5
3.2158	16.6
3.2158	16.5
3.2158	16.6
3.2158	16.4
3.2183	16.1
3.2212	15.7
3.2258	15.2
3.23	14.4
3.2362	13.6
3.2371	13.3
3.2371	13.3
3.2371	13.3
3.2371	13.3
3.2371	13.3
3.2371	13.3
3.2371	13.3
3.2371	13.3
3.2371	12.8
3.24	12.2
3.2462	11.4
3.2517	10.5
3.2525	9.8
3.2525	9.7
3.2525	9.6
3.2525	9.6
3.2525	9.7
3.2525	9.7
3.2525	9.6
3.2525	9.6
3.2525	9.7
3.2529	9.5
3.2587	9
3.26	8.3
3.27	7.1
3.2737	6.1
3.2767	5.7
3.2767	5.6
3.2767	5.6
3.2767	5.5
3.2767	5.5
3.2767	5.5
3.2767	5.5
3.2767	5.5
3.2779	4.9
3.2867	4
3.2904	3.2
3.2979	2.5
3.3012	2.2
3.3012	2.2
3.3012	2.2
3.3012	2.2
3.3012	2.2
3.3012	2.2
3.3012	2.2
3.3025	1.9
3.3142	1.6
3.3175	1.5
3.3221	1.6
3.3225	1.6
3.3225	1.6
3.3225	1.6
3.3225	1.6
3.3225	1.6
3.3225	1.6
3.3225	1.6
3.3225	1.6
3.3225	1.6
3.3225	1.6
3.3225	1.6
3.3225	1.6
3.3225	1.6
3.3254	1.9
3.3333	2.1
3.3342	2.3
3.3367	2.5
3.3429	2.9
3.3446	3.2
3.3446	3.2
3.3446	3.1
3.3446	3.2
3.3446	3.1
3.3446	3.2
3.3492	3.7
3.3537	4.5
3.3637	5.9
3.3675	7.1
3.3675	7.1
3.3675	7.2
3.3675	7.1
3.3675	7.1
3.3675	7.1
3.3675	7.1
3.3675	7.2
3.3742	8.3
3.3762	9.5
3.3829	10.4
3.3862	11.4
3.3879	12
3.3879	12
3.3879	12
3.3879	12
3.3879	12
3.3879	12
3.3879	12
3.3896	12.6
3.4	14.3
3.4046	15.3
3.4071	15.6
3.4071	15.7
3.4071	15.7
3.4071	15.7
3.4071	15.8
3.4071	15.8
3.4071	15.9
3.4171	17.4
3.4225	18.2
3.4229	18.6
3.4283	18.8
3.4279	18.8
3.4279	18.8
3.4279	18.8
3.4279	18.8
3.4279	18.8
3.4279	18.9
3.43	19.1
3.4346	19.5
3.4354	19.6
3.4375	19.8
3.4417	19.9
3.445	20
3.4454	20.1
3.4458	20.1
3.4521	20.1
3.4654	19.7
3.4662	19.4
3.4662	19.4
3.4662	19.4
3.4662	19.4
3.4662	19.4
3.4662	19.4
3.4662	19.3
3.4662	19.3
3.48	17.8
3.4867	16.7
3.4875	16.2
3.4883	15.8
3.4887	15.6
3.4887	15.6
3.4887	15.4
3.4887	15.5
3.4887	15.4
3.4887	15.5
3.4887	15.4
3.4887	15.4
3.5012	14
3.5054	13
3.5067	12.4
3.5125	11.6
3.5162	10.6
3.5162	10.6
3.5162	10.5
3.5162	10.5
3.5162	10.5
3.5162	10.6
3.5162	10.5
3.5162	10.5
3.5162	10.5
3.5183	9.5
3.52	8.8
3.52	8.2
3.52	7.7
3.52	7.7
3.52	7.7
3.5204	7.4
3.5208	6.7
3.5212	6.1
3.5221	5.7
3.5221	5.8
3.5221	5.7
3.5221	5.7
3.5221	5.7
3.5221	5.7
3.5225	5.6
3.5225	5.7
3.5225	5.6
3.5225	5.7
3.5342	5.6
3.5429	4.8
3.5471	4
3.5475	3.5
3.5479	3
3.5479	2.9
3.5479	2.8
3.5479	2.8
3.5479	2.7
3.5479	2.8
3.5479	2.8
3.5479	2.8
3.5479	2.7
3.5483	2.6
3.5487	2.2
3.56	2
3.5783	1.8
3.5825	2
3.5817	1.9
3.5817	2
3.5817	1.9
3.5817	2
3.5817	1.9
3.5817	2
3.5817	1.9
3.5817	2
3.5817	1.9
3.5817	2
3.5817	2
3.5833	2.1
3.5842	2.1
3.585	2.2
3.5871	2.3
3.5912	2.5
3.5942	2.7
3.5975	3.3
3.6033	3.9
3.6033	4
3.6033	4
3.6033	4.1
3.6033	4
3.6033	4.1
3.6033	4
3.6033	4.1
3.6033	4.1
3.6033	4.1
3.6033	4
3.6071	4.6
3.6108	5.2
3.6137	5.7
3.6142	5.9
3.6179	6.3
3.6183	6.4
3.6183	6.5
3.6183	6.5
3.6183	6.6
3.6183	6.5
3.6183	6.6
3.6183	6.5
3.6183	6.6
3.6183	6.6
3.6183	6.6
3.6204	7.1
3.625	8
3.6296	9
3.6308	9.9
3.635	10.6
3.6408	11.3
3.6408	11.2
3.6408	11.3
3.6408	11.2
3.6408	11.3
3.6408	11.2
3.6408	11.3
3.6408	11.3
3.6412	11.8
3.645	13.1
3.6571	14.5
3.6604	15.8
3.6621	16
3.6621	16.1
3.6621	16.2
3.6621	16.1
3.6621	16.2
3.6621	16.1
3.6621	16.1
3.6621	16.1
3.6654	16.8
3.6746	18.1
3.6837	19.1
3.6896	19.7
3.6929	19.9
3.6929	19.8
3.6929	19.9
3.6929	19.8
3.6929	19.9
3.6929	19.9
3.6929	19.9
3.6929	19.8
3.6975	20.1
3.7025	20.2
3.7033	20.3
3.7079	20.2
3.7079	20.2
3.7079	20.1
3.7079	20.2
3.7079	20.1
3.7079	20.2
3.7079	20.1
3.7079	20.1
3.7079	20.1
3.7079	20.1
3.7092	20
3.7146	20
3.7154	19.8
3.7208	19.6
3.7212	19.3
3.7283	18.8
3.7325	18
3.7362	17.7
3.7367	17.5
3.7367	17.6
3.7367	17.4
3.7367	17.6
3.7367	17.5
3.7367	17.5
3.7367	17.4
3.7367	17.3
3.7404	16.8
3.7462	15.9
3.7525	14.5
3.7579	13.5
3.7579	13
3.7579	13
3.7579	12.9
3.7579	13
3.7579	12.9
3.7579	13
3.7579	12.9
3.7579	13
3.7583	12.7
3.7646	12.2
3.7658	11.6
3.77	11.1
3.7742	10.1
3.7758	9.5
3.7758	9.3
3.7758	9.3
3.7758	9.2
3.7758	9.3
3.7758	9.2
3.7758	9.3
3.7758	9.2
3.7758	9.3
3.7783	8.7
3.79	7.2
3.7946	6.2
3.7954	5.8
3.7962	5.6
3.7962	5.7
3.7962	5.6
3.7962	5.7
3.7962	5.6
3.7962	5.6
3.7962	5.5
3.7979	5.3
3.805	4.5
3.8083	4
3.8133	3.3
3.8175	3.1
3.8179	2.8
3.8179	2.9
3.8179	2.8
3.8179	2.9
3.8179	2.8
3.8179	2.9
3.8179	2.8
3.8179	2.8
3.8179	2.8
3.82	2.7
3.8242	2.3
3.8296	2.1
3.8346	1.9
3.8371	1.9
3.8371	1.8
3.8371	1.9
3.8371	1.8
3.8371	2
3.8371	1.8
3.8371	1.9
3.8371	1.8
3.8408	2
3.8467	2
3.8529	2.8
3.8642	3.5
3.8646	3.7
3.8646	3.7
3.8646	3.8
3.8646	3.6
3.8646	3.8
3.8646	3.7
3.8646	3.8
3.865	3.7
3.8704	4.6
3.8792	5.6
3.8837	6.4
3.8912	7.6
3.8929	8
3.8929	8
3.8929	8.2
3.8929	8
3.8929	8.2
3.8929	8.1
3.8929	8.2
3.8929	8.2
3.8929	8.3
3.8971	9
3.9029	9.9
3.9075	10.6
3.9092	11.2
3.9117	11.4
3.9129	11.7
3.9129	11.7
3.9129	11.8
3.9129	11.7
3.9129	11.9
3.9129	11.7
3.9129	11.8
3.9129	11.7
3.9146	12.2
3.9158	12.5
3.9167	13
3.9175	13.2
3.9237	13.6
3.9258	14.1
3.9287	14.6
3.9292	14.8
3.9292	15
3.9292	15
3.9292	15.1
3.9292	15
3.9292	15.1
3.9292	15
3.9292	15.2
3.9354	15.6
3.9371	16.2
3.9417	16.6
3.9446	17.1
3.9492	17.3
3.9512	17.7
3.9517	17.6
3.9517	17.8
3.9517	17.7
3.9517	17.7
3.9517	17.6
3.9517	17.8
3.9517	17.6
3.9517	17.7
3.9517	17.6
3.9517	17.7
3.9517	17.6
3.9517	17.8
3.9533	17.7
3.9558	18
3.9583	18
3.9617	18.3
3.9667	18.3
3.9683	18.4
3.9683	18.3
3.9683	18.4
3.9683	18.3
3.9683	18.4
3.9683	18.3
3.9683	18.4
3.9683	18.3
3.9683	18.4
3.9717	18.3
3.9733	18.4
3.9742	18.2
3.9779	18.2
3.9825	17.8
3.9912	17.6
3.9904	17.5
3.9904	17.6
3.9904	17.5
3.9904	17.7
3.9904	17.6
3.9904	17.6
3.9904	17.5
3.9904	17.6
3.9904	17.5
3.9917	17.4
3.9921	17.1
3.9925	16.9
3.9929	16.4
3.9933	16.2
3.9937	15.9
3.9937	15.8
3.9937	15.7
3.9937	15.8
3.9937	15.7
3.9937	15.8
3.9937	15.7
3.9937	15.8
3.9937	15.7
3.9946	15.4
4.0033	14.7
4.0146	14.2
4.0204	13.5
4.0204	12.9
4.0204	12.7
4.0204	12.8
4.0204	12.7
4.0204	12.8
4.0204	12.7
4.0204	12.8
4.0204	12.6
4.0204	12.8
4.0204	12.6
4.0208	12.3
4.0208	11.9
4.0208	11.7
4.0208	11.4
4.0208	11.2
4.0212	10.3
4.0217	9.8
4.0371	9.5
4.0362	9.6
4.0392	9.4
4.0392	9.4
4.0392	9.4
4.0392	9.4
4.0392	9.3
4.0392	9.4
4.0392	9.3
4.0392	9.3
4.0404	8.8
4.0408	8.5
4.0408	8.1
4.0408	8.2
4.0467	7.9
4.0479	7.5
4.0492	7
4.0492	6.9
4.0492	6.7
4.0492	6.8
4.0492	6.6
4.0492	6.7
4.0492	6.6
4.0492	6.8
4.0492	6.6
4.0492	6.7
4.0492	6.6
4.0492	6.7
4.0496	6.5
4.05	6.2
4.0542	5.9
4.0592	5.5
4.06	5.2
4.0604	5.1
4.0608	4.8
4.0646	4.8
4.0646	4.6
4.0646	4.7
4.0646	4.6
4.0646	4.8
4.0646	4.6
4.0646	4.8
4.0646	4.6
4.0646	4.7
4.0646	4.6
4.0654	4.5
4.0675	4.2
4.0683	4.2
4.0696	3.9
4.0708	3.8
4.0729	3.5
4.0733	3.5
4.0733	3.3
4.0733	3.5
4.0733	3.4
4.0733	3.5
4.0733	3.4
4.0733	3.5
4.0733	3.4
4.0733	3.5
4.0733	3.4
4.0733	3.5
4.0733	3.4
4.0737	3.4
4.0762	3.2
4.0767	3.2
4.0783	2.9
4.08	2.9
4.0821	2.5
4.0821	2.6
4.0821	2.5
4.0821	2.6
4.0821	2.5
4.0821	2.6
4.0821	2.5
4.0821	2.6
4.0821	2.4
4.0821	2.6
4.0821	2.4
4.0821	2.6
4.0829	2.3
4.0871	2.4
4.0871	2.2
4.0871	2.3
4.0879	2.1
4.0883	2.1
4.0912	2
4.0917	2
4.0917	1.9
4.0917	2
4.0917	1.9
4.0917	2
4.0917	1.9
4.0917	2
4.0917	1.9
4.0921	2
4.0929	1.8
4.0933	1.8
4.0954	1.6
4.0996	1.7
4.0996	1.6
4.1008	1.7
4.1017	1.6
4.1025	1.6
4.1025	1.5
4.1025	1.6
4.1029	1.6
4.1029	1.6
4.1029	1.6
4.1029	1.6
4.1029	1.6
4.1029	1.7
4.1029	1.6
4.1033	1.6
4.1037	1.6
4.1121	1.8
4.115	1.7
4.1171	2.1
4.1196	2.1
4.1196	2.2
4.1196	2.1
4.1196	2.2
4.1196	2
4.1196	2.1
4.1196	2.1
4.1196	2.2
4.1196	2.1
4.1196	2.2
4.1196	2.1
4.1196	2.1
4.1229	2.3
4.1262	2.6
4.1275	2.8
4.135	3.4
4.135	3.5
4.135	3.6
4.135	3.5
4.135	3.6
4.135	3.5
4.135	3.6
4.135	3.5
4.135	3.6
4.135	3.5
4.135	3.6
4.135	3.5
4.1354	3.7
4.1354	3.7
4.1358	4
4.1362	4
4.1367	4.1
4.1421	4.1
4.1421	4.3
4.1437	4.6
4.1475	5.1
4.1508	5.4
4.1512	5.7
4.1517	5.7
4.1517	5.8
4.1517	5.7
4.1517	5.9
4.1517	5.7
4.1517	5.9
4.1517	5.7
4.1517	5.8
4.1517	5.7
4.1517	5.8
4.1517	5.7
4.1517	5.8
4.1517	5.7
4.1542	6.1
4.1554	6.2
4.1558	6.6
4.1592	6.8
4.1604	7.1
4.1612	7.4
4.1617	7.6
4.1617	7.6
4.1617	7.7
4.1617	7.6
4.1617	7.7
4.1617	7.6
4.1617	7.6
4.1617	7.6
4.1654	8
4.1696	8.5
4.1704	8.9
4.1729	9
4.1729	9.1
4.1729	9
4.1729	9.1
4.1729	9
4.1729	9.1
4.1729	9.1
4.1729	9.1
4.1737	9.2
4.1754	9.5
4.1754	9.6
4.1762	9.8
4.1767	9.9
4.1833	10.4
4.1842	10.6
4.1842	10.8
4.1842	10.7
4.1842	10.8
4.1842	10.7
4.1842	10.8
4.1842	10.8
4.1842	10.9
4.1842	10.8
4.1846	11
4.1892	11.4
4.1904	11.9
4.1937	12
4.1937	12.1
4.1937	12.1
4.1937	12.2
4.1937	12.1
4.1937	12.3
4.1937	12.2
4.1937	12.3
4.1937	12.2
4.1937	12.3
4.1937	12.2
4.1946	12.4
4.1987	12.7
4.1992	13
4.1996	13.1
4.2	13.3
4.2029	13.5
4.2046	13.7
4.205	13.7
4.205	13.8
4.205	13.8
4.205	13.8
4.205	13.8
4.205	13.8
4.205	13.7
4.205	13.8
4.2075	13.9
4.2104	14.2
4.2142	14.3
4.2175	14.6
4.2204	14.6
4.2217	14.6
4.2221	14.6
4.2221	14.6
4.2221	14.6
4.2221	14.6
4.2221	14.6
4.2221	14.7
4.2233	14.6
4.2304	14.7
4.235	14.6
4.2371	14.5
4.2387	14.5
4.2387	14.5
4.2387	14.5
4.2387	14.5
4.2387	14.5
4.2387	14.5
4.2387	14.5
4.2387	14.5
4.2417	14.3
4.2454	14.1
4.2475	13.9
4.2483	13.8
4.2508	13.7
4.2508	13.7
4.2508	13.7
4.2508	13.7
4.2508	13.7
4.2508	13.7
4.2508	13.7
4.2508	13.7
4.2508	13.6
4.2517	13.5
4.2529	13.3
4.2558	13.2
4.2579	12.8
4.2625	12.5
4.2637	12.2
4.2637	12.3
4.2642	12.2
4.2642	12.2
4.2642	12.2
4.2642	12.3
4.2642	12.2
4.2642	12.2
4.2662	11.9
4.27	11.4
4.2725	11
4.2746	10.7
4.2754	10.5
4.2754	10.5
4.2754	10.5
4.2754	10.5
4.2754	10.5
4.2754	10.4
4.2754	10.4
4.2754	10.5
4.2754	10.5
4.2754	10.5
4.2754	10.4
4.2779	10.1
4.2792	9.8
4.2821	9.4
4.2925	8.7
4.2933	8.3
4.2933	8.3
4.2933	8.2
4.2933	8.2
4.2933	8.2
4.2933	8.2
4.2933	8.2
4.2933	8.2
4.2937	8.1
4.2946	7.8
4.2987	7.2
4.3	6.7
4.3004	6.5
4.3033	6.5
4.3033	6.5
4.3033	6.5
4.3033	6.5
4.3033	6.5
4.3033	6.5
4.3033	6.5
4.305	6.1
4.31	5.5
4.3125	5
4.3154	4.7
4.3154	4.7
4.3154	4.7
4.3154	4.6
4.3154	4.7
4.3154	4.6
4.3154	4.7
4.3154	4.6
4.3158	4.5
4.3167	4.3
4.3183	4.2
4.3217	3.9
4.3217	3.7
4.3254	3.5
4.3258	3.4
4.3258	3.3
4.3258	3.4
4.3258	3.3
4.3258	3.3
4.3258	3.3
4.3258	3.3
4.3258	3.3
4.3258	3.3
4.3258	3.3
4.3258	3.2
4.3292	2.9
4.3325	2.7
4.3337	2.4
4.335	2.3
4.3404	2
4.3404	2
4.3404	2
4.3404	2.1
4.3404	2
4.3404	2.1
4.3404	2
4.3404	2.1
4.3404	2
4.3404	2
4.3404	2
4.3404	2
4.3421	1.8
4.3433	1.7
4.3483	1.5
4.3483	1.5
4.3487	1.3
4.3492	1.3
4.3492	1.3
4.3492	1.4
4.3492	1.3
4.3492	1.4
4.3492	1.3
4.3492	1.4
4.3492	1.3
4.3492	1.4
4.3492	1.3
4.3492	1.4
4.3492	1.3
4.3492	1.4
4.3504	1.2
4.3529	1.2
4.3529	1.2
4.3529	1.2
4.3529	1.2
4.3529	1.2
4.3529	1.2
4.3529	1.2
4.3529	1.2
4.3529	1.2
4.3529	1.2
4.3529	1.2
4.3529	1.2
4.3529	1.2
4.3542	1.1
4.3621	1.2
4.3621	1.1
4.3621	1.2
4.3621	1.1
4.3621	1.2
4.3621	1.1
4.3621	1.2
4.3621	1.1
4.3621	1.2
4.3621	1.1
4.3621	1.2
4.3621	1.1
4.3621	1.2
4.3625	1.1
4.3637	1.1
4.3646	1.1
4.3708	1.2
4.3712	1.2
4.3712	1.2
4.3712	1.2
4.3712	1.2
4.3712	1.2
4.3712	1.2
4.3712	1.2
4.3712	1.2
4.3712	1.2
4.3725	1.3
4.3742	1.3
4.3758	1.4
4.3758	1.3
4.3758	1.4
4.3758	1.3
4.3758	1.4
4.3758	1.3
4.3758	1.4
4.3758	1.4
4.3758	1.4
4.3762	1.4
4.3767	1.5
4.3767	1.4
4.3767	1.6
4.3767	1.5
4.3771	1.6
4.3817	1.6
4.3821	1.9
4.3825	1.8
4.3825	2
4.3825	1.8
4.3825	2
4.3825	1.8
4.3825	2
4.3825	1.9
4.3825	2
4.3825	1.9
4.3825	2
4.3825	1.9
4.3825	2.2
4.3829	2.2
4.3829	2.6
4.3833	2.6
4.3833	2.7
4.3833	2.6
4.3833	2.7
4.3833	2.6
4.3837	2.7
4.385	2.6
4.3962	2.7
4.3954	2.6
4.3954	2.7
4.3954	2.7
4.3967	3
4.3975	3.1
4.4021	3.5
4.4033	3.6
4.4033	3.7
4.4033	3.7
4.4033	3.7
4.4033	3.6
4.4033	3.7
4.4033	3.7
4.4033	3.8
4.4033	3.7
4.4033	3.8
4.4037	3.9
4.4079	4.3
4.4087	4.4
4.4096	4.7
4.4096	4.5
4.4096	4.6
4.4096	4.5
4.4096	4.6
4.4096	4.5
4.4096	4.6
4.4096	4.5
4.4096	4.6
4.4096	4.5
4.4096	4.6
4.4096	4.5
4.4096	4.7
4.4096	4.5
4.4096	4.8
4.41	5.4
4.4104	5.7
4.4104	5.6
4.4104	5.7
4.4104	5.5
4.4104	5.6
4.4104	5.5
4.4104	5.7
4.4104	5.5
4.4104	5.7
4.4104	5.6
4.4104	5.7
4.4104	5.5
4.4104	5.7
4.42	5.8
4.4308	6.7
4.4342	7
4.4346	7.2
4.4346	7
4.4346	7.2
4.4346	7
4.4346	7.2
4.4346	7
4.4346	7.2
4.4346	7
4.4346	7.2
4.435	7.2
4.4362	7.5
4.4387	7.6
4.4429	7.9
4.4433	7.9
4.4433	8
4.4433	7.9
4.4433	8
4.4433	7.9
4.4433	8
4.4433	7.9
4.4433	8.1
4.4433	8
4.4446	8.3
4.4458	8.4
4.4512	8.7
4.4525	8.8
4.4533	9
4.4533	8.9
4.4533	9
4.4533	8.9
4.4533	9
4.4533	8.9
4.4533	9
4.4533	8.9
4.4542	9.2
4.4542	9.2
4.46	9.5
4.4621	9.5
4.4629	9.8
4.4662	9.8
4.4662	9.9
4.4662	9.8
4.4662	9.9
4.4662	9.8
4.4662	9.9
4.4662	9.8
4.4662	9.9
4.4662	9.8
4.47	10.1
4.4725	10.2
4.4775	10.3
4.4808	10.3
4.4808	10.4
4.4808	10.3
4.4808	10.4
4.4808	10.2
4.4808	10.4
4.4808	10.2
4.4808	10.4
4.4808	10.3
4.4808	10.4
4.4808	10.3
4.4808	10.4
4.4812	10.3
4.4817	10.4
4.4821	10.3
4.4904	10.3
4.4925	10.2
4.4933	10.2
4.4933	10.1
4.4933	10.2
4.4933	10.1
4.4933	10.2
4.4933	10.1
4.4933	10.2
4.4933	10.1
4.4933	10.2
4.4933	10.1
4.4971	10.1
4.4987	9.9
4.4992	9.9
4.5004	9.7
4.5033	9.7
4.5033	9.6
4.5033	9.7
4.5033	9.6
4.5033	9.7
4.5033	9.6
4.5033	9.7
4.5033	9.6
4.5033	9.6
4.5075	9.4
4.5108	9.2
4.5162	8.7
4.5167	8.7
4.5179	8.6
4.5179	8.7
4.5179	8.6
4.5179	8.7
4.5179	8.6
4.5179	8.7
4.5179	8.6
4.5179	8.7
4.5179	8.5
4.52	8.4
4.5225	8
4.5329	7.7
4.5354	7.2
4.5375	7.1
4.5375	7
4.5375	7.1
4.5375	7
4.5375	7.2
4.5375	7
4.5375	7.1
4.5375	7
4.5375	7.1
4.5375	6.9
4.5404	6.8
4.5454	6.1
4.5475	5.8
4.5479	5.5
4.5479	5.6
4.5479	5.5
4.5479	5.6
4.5479	5.5
4.5479	5.6
4.5479	5.5
4.5479	5.6
4.5479	5.5
4.5479	5.6
4.5479	5.5
4.5479	5.6
4.5479	5.5
4.5479	5.6
4.5479	5.4
4.5562	5.1
4.5562	4.8
4.5587	4.7
4.5587	4.5
4.5587	4.6
4.5587	4.5
4.5587	4.6
4.5587	4.5
4.5587	4.6
4.5587	4.5
4.56	4.3
4.5642	3.9
4.5646	3.9
4.5679	3.4
4.5704	3.3
4.5704	3.2
4.5704	3.3
4.5704	3.2
4.5704	3.3
4.5704	3.2
4.5704	3.3
4.5704	3.2
4.5721	3.1
4.5754	2.6
4.5796	2.5
4.5812	2.1
4.5812	2.2
4.5812	2.1
4.5812	2.2
4.5812	2.1
4.5812	2.2
4.5812	2.1
4.5812	2.2
4.5817	2.1
4.5858	2.1
4.5862	1.8
4.5867	1.8
4.5875	1.6
4.5879	1.7
4.5879	1.6
4.5879	1.7
4.5879	1.6
4.5879	1.7
4.5879	1.6
4.5879	1.7
4.5879	1.6
4.5879	1.7
4.5892	1.5
4.5917	1.5
4.5942	1.2
4.5958	1.2
4.5958	1.1
4.5958	1.2
4.5958	1.2
4.5958	1.2
4.5958	1.1
4.5958	1.2
4.5958	1.1
4.5962	1.2
4.6004	1
4.6033	1
4.6087	0.8
4.6112	0.9
4.6125	0.8
4.6125	0.9
4.6125	0.8
4.6125	0.9
4.6125	0.8
4.6125	0.9
4.6125	0.8
4.6125	0.9
4.6125	0.8
4.6125	0.9
4.6125	0.8
4.6175	0.9
4.6212	0.8
4.6233	1
4.6246	0.9
4.6246	0.9
4.6246	0.9
4.6246	1
4.6246	0.9
4.6246	1
4.6246	0.9
4.6246	1
4.6246	0.9
4.6262	1
4.63	1
4.6321	1.2
4.6337	1.2
4.635	1.3
4.6362	1.2
4.6362	1.3
4.6362	1.2
4.6362	1.3
4.6362	1.2
4.6362	1.3
4.6362	1.2
4.6362	1.3
4.6362	1.3
4.6362	1.3
4.6362	1.3
4.64	1.5
4.6408	1.5
4.6437	1.7
4.6446	1.8
4.6479	1.9
4.6479	1.9
4.6479	1.9
4.6479	1.9
4.6479	2
4.6479	1.9
4.6479	2
4.6487	2
4.6525	2.2
4.6571	2.5
4.6617	2.8
4.6646	3
4.6646	3.1
4.6646	3
4.6646	3.1
4.6646	3.1
4.6646	3.1
4.6646	3.1
4.6646	3.1
4.67	3.3
4.6729	3.6
4.6771	3.8
4.6792	3.9
4.6792	3.9
4.6792	4
4.6792	3.9
4.6792	4
4.6792	4
4.6792	4
4.6792	4
4.6792	4
4.68	4
4.6808	4.1
4.6821	4.2
4.6837	4.3
4.6862	4.4
4.6887	4.5
4.6896	4.5
4.6896	4.6
4.6896	4.5
4.6896	4.6
4.6896	4.5
4.6896	4.5
4.6896	4.5
4.6904	4.7
4.6954	4.9
4.6996	5.1
4.7029	5.3
4.7029	5.3
4.7029	5.3
4.7029	5.3
4.7029	5.3
4.7029	5.3
4.7029	5.3
4.7029	5.3
4.7029	5.3
4.7067	5.4
4.7083	5.5
4.7137	5.7
4.7162	5.7
4.7167	5.7
4.7167	5.7
4.7167	5.7
4.7167	5.7
4.7167	5.7
4.7167	5.7
4.7167	5.7
4.7167	5.7
4.7179	5.7
4.7237	5.8
4.7267	5.8
4.73	5.8
4.7308	5.8
4.7317	5.8
4.7317	5.8
4.7317	5.8
4.7317	5.8
4.7317	5.8
4.7317	5.8
4.7317	5.9
4.7317	5.8
4.7371	5.7
4.7404	5.7
4.7433	5.6
4.7433	5.6
4.7433	5.6
4.7433	5.6
4.7433	5.6
4.7433	5.6
4.7433	5.6
4.7433	5.6
4.7433	5.6
4.7433	5.6
4.7442	5.6
4.7462	5.5
4.7504	5.3
4.7537	5.2
4.7542	5.2
4.7542	5.2
4.7542	5.2
4.7542	5.2
4.7542	5.2
4.7542	5.2
4.7542	5.2
4.7542	5.1
4.7542	5.2
4.7571	5
4.7592	4.9
4.7629	4.7
4.7646	4.7
4.7667	4.5
4.7667	4.6
4.7667	4.5
4.7667	4.6
4.7667	4.5
4.7667	4.6
4.7667	4.5
4.7667	4.6
4.7667	4.5
4.7671	4.5
4.7708	4.3
4.7721	4.3
4.7754	4
4.7804	3.8
4.7821	3.6
4.7821	3.7
4.7821	3.6
4.7821	3.7
4.7821	3.6
4.7821	3.7
4.7821	3.6
4.7821	3.7
4.7821	3.6
4.7821	3.6
4.7825	3.5
4.7854	3.5
4.7871	3.3
4.7896	3.1
4.7942	2.8
4.7971	2.7
4.7971	2.6
4.7971	2.7
4.7971	2.6
4.7971	2.7
4.7971	2.6
4.7971	2.7
4.7971	2.6
4.7971	2.7
4.7971	2.6
4.7971	2.7
4.7987	2.5
4.8033	2.3
4.8054	2
4.8096	1.9
4.8137	1.6
4.815	1.6
4.815	1.5
4.815	1.6
4.815	1.5
4.815	1.6
4.815	1.5
4.815	1.6
4.815	1.5
4.815	1.6
4.815	1.5
4.815	1.6
4.815	1.4
4.8221	1.4
4.8225	1.1
4.8304	1
4.8346	0.8
4.8367	0.9
4.8367	0.8
4.8367	0.9
4.8367	0.8
4.8367	0.9
4.8367	0.8
4.8367	0.9
4.8367	0.8
4.8392	0.8
4.8504	0.6
4.8529	0.7
4.8558	0.5
4.8579	0.7
4.8579	0.5
4.8579	0.6
4.8579	0.5
4.8579	0.7
4.8579	0.5
4.8579	0.7
4.8579	0.5
4.8579	0.7
4.8579	0.5
4.8579	0.7
4.8579	0.5
4.8579	0.7
4.8579	0.5
4.8579	0.7
4.8587	0.5
4.8633	0.6
4.8646	0.5
4.8658	0.7
4.8712	0.6
4.875	0.7
4.8767	0.6
4.8767	0.7
4.8767	0.6
4.8767	0.7
4.8767	0.6
4.8767	0.7
4.8767	0.6
4.8767	0.7
4.8775	0.6
4.8808	0.8
4.8846	0.8
4.8933	1
4.8933	0.9
4.8933	1
4.8933	0.8
4.8933	1
4.8933	0.8
4.8933	1
4.8933	0.8
4.8933	1
4.8946	0.9
4.8975	1.1
4.8975	1.1
4.8979	1.3
4.9037	1.2
4.9121	1.5
4.9137	1.5
4.9137	1.6
4.9137	1.6
4.9137	1.6
4.9137	1.6
4.9137	1.6
4.9137	1.5
4.9137	1.6
4.9137	1.6
4.9137	1.7
4.9137	1.6
4.9137	1.7
4.9142	1.6
4.9142	1.8
4.9142	1.7
4.915	1.8
4.9258	1.8
4.9271	2.1
4.9317	2
4.9317	2.1
4.9317	2
4.9317	2.1
4.9317	2
4.9317	2.1
4.9317	2
4.9317	2.1
4.9317	2
4.9325	2.2
4.9329	2.1
4.9387	2.3
4.9579	2.3
4.9583	2.4
4.9587	2.3
4.9587	2.4
4.9587	2.3
4.9587	2.4
4.9587	2.3
4.9587	2.4
4.9587	2.3
4.9587	2.4
4.9587	2.3
4.9633	2.4
4.9712	2.3
4.9758	2.4
4.9775	2.3
4.9837	2.3
4.9892	2.2
4.9892	2.3
4.9892	2.2
4.9892	2.3
4.9892	2.2
4.9892	2.3
4.9892	2.2
4.9892	2.3
4.9937	2.1
4.9954	2.1
5.0012	2
5.0142	1.8
5.0183	1.7
5.0183	1.7
5.0183	1.7
5.0183	1.7
5.0183	1.7
5.0183	1.7
5.0183	1.7
5.0183	1.7
5.0183	1.7
5.0187	1.7
5.0187	1.6
5.0192	1.6
5.0192	1.6
5.0192	1.6
5.0196	1.6
5.02	1.6
5.0208	1.5
5.0212	1.6
5.0229	1.5
5.0233	1.5
5.0242	1.4
5.0279	1.4
5.0296	1.3
5.0358	1.2
5.0371	1.1
5.0396	1.2
5.04	1.1
5.04	1.1
5.04	1.1
5.04	1.1
5.04	1.1
5.04	1.1
5.04	1.1
5.04	1.1
5.0408	1.1
5.0504	1
5.0508	0.9
5.0512	0.9
5.0587	0.8
5.0592	0.8
5.0625	0.7
5.0671	0.7
5.0675	0.6
5.0675	0.6
5.0675	0.7
5.0675	0.6
5.0675	0.6
5.0675	0.6
5.0675	0.6
5.0675	0.6
5.0687	0.6
5.0729	0.5
5.0742	0.5
5.0783	0.5
5.0804	0.5
5.0862	0.4
5.0875	0.4
5.0879	0.4
5.0879	0.4
5.0879	0.4
5.0879	0.4
5.0879	0.4
5.0879	0.4
5.0879	0.4
5.0879	0.4
5.0925	0.4
5.0942	0.4
5.1008	0.3
5.105	0.3
5.1075	0.3
5.1092	0.3
5.1092	0.3
5.1092	0.3
5.1092	0.3
5.1092	0.3
5.1092	0.3
5.1092	0.3
5.1092	0.3
5.1092	0.3
5.1092	0.3
5.1092	0.3
5.1092	0.3
5.1092	0.3
5.1092	0.3
5.1092	0.3
5.1092	0.3
5.1092	0.3
5.1092	0.3
5.1112	0.3
5.1117	0.3
5.1142	0.3
5.1142	0.3
5.1142	0.3
5.115	0.3
5.1196	0.3
5.1237	0.3
5.1254	0.4
5.1254	0.3
5.1254	0.4
5.1254	0.3
5.1254	0.4
5.1254	0.3
5.1254	0.4
5.1254	0.3
5.1254	0.4
5.1254	0.3
5.1275	0.4
5.1321	0.3
5.1342	0.4
5.1404	0.3
5.1417	0.4
5.1446	0.3
5.1454	0.4
5.1454	0.3
5.1454	0.4
5.1454	0.3
5.1454	0.4
5.1454	0.3
5.1454	0.5
5.1454	0.3
5.1454	0.5
5.1454	0.4
5.1508	0.5
5.1529	0.4
5.1592	0.5
5.1608	0.4
5.1608	0.5
5.1608	0.4
5.1608	0.5
5.1608	0.4
5.1608	0.5
5.1608	0.4
5.1608	0.5
5.1608	0.4
5.1608	0.5
5.1608	0.4
5.1608	0.5
5.1608	0.4
5.1608	0.5
5.1612	0.4
5.1687	0.6
5.1704	0.5
5.1729	0.6
5.1733	0.5
5.1733	0.6
5.1733	0.5
5.1733	0.6
5.1733	0.5
5.1733	0.6
5.1733	0.5
5.1733	0.6
5.1733	0.5
5.1733	0.6
5.1767	0.5
5.1792	0.6
5.1804	0.5
5.1821	0.6
5.1829	0.5
5.1833	0.6
5.1833	0.5
5.1833	0.6
5.1833	0.5
5.1833	0.6
5.1833	0.5
5.1833	0.6
5.1833	0.5
5.185	0.6
5.1883	0.5
5.19	0.6
5.1937	0.5
5.1937	0.7
5.1937	0.5
5.1937	0.6
5.1937	0.5
5.1937	0.6
5.1937	0.5
5.1937	0.6
5.1937	0.5
5.1937	0.6
5.1937	0.5
5.1975	0.7
5.2017	0.5
5.2058	0.7
5.2071	0.5
5.2075	0.6
5.2075	0.5
5.2075	0.6
5.2075	0.5
5.2075	0.6
5.2075	0.5
5.2075	0.7
5.2092	0.5
5.2146	0.6
5.2154	0.5
5.2179	0.6
5.2221	0.5
5.2233	0.6
5.225	0.5
5.225	0.6
5.225	0.5
5.225	0.6
5.225	0.5
5.225	0.6
5.225	0.5
5.225	0.6
5.2292	0.5
5.2342	0.6
5.2342	0.5
5.2346	0.6
5.2346	0.5
5.2346	0.6
5.2346	0.5
5.2346	0.6
5.2346	0.5
5.2346	0.5
5.2346	0.5
5.235	0.6
5.2387	0.5
5.2421	0.5
5.2425	0.5
5.2425	0.5
5.2433	0.5
5.2504	0.5
5.2521	0.5
5.2533	0.5
5.2537	0.5
5.2537	0.5
5.2537	0.5
5.2537	0.5
5.2546	0.4
5.2558	0.5
5.2679	0.4
5.2717	0.4
5.2742	0.4
5.2742	0.4
5.2742	0.4
5.2742	0.4
5.2742	0.4
5.2742	0.4
5.2742	0.4
5.2742	0.4
5.2746	0.4
5.2754	0.4
5.2758	0.4
5.2758	0.4
5.2775	0.4
5.2792	0.4
5.2792	0.4
5.2792	0.4
5.2792	0.4
5.2792	0.4
5.2792	0.4
5.2792	0.4
5.2792	0.4
5.2792	0.4
5.2792	0.4
5.2792	0.4
5.2796	0.4
5.28	0.4
5.28	0.4
5.28	0.4
5.28	0.4
5.2804	0.4
5.2817	0.4
5.3062	0.4
5.3079	0.4
5.3075	0.4
5.3075	0.4
5.3075	0.4
5.3075	0.4
5.3075	0.4
5.3075	0.4
5.3075	0.4
5.3075	0.4
5.3075	0.4
5.3075	0.4
5.3075	0.4
5.3075	0.4
5.3075	0.4
5.3075	0.4
5.3075	0.4
5.3075	0.4
5.3075	0.4
5.3075	0.4
5.3083	0.4
5.3083	0.5
5.3092	0.4
5.3092	0.4
5.3092	0.4
5.3096	0.4
5.315	0.4
5.3146	0.5
5.3146	0.4
5.315	0.5
5.315	0.4
5.315	0.5
5.315	0.3
5.315	0.5
5.315	0.3
5.315	0.5
5.315	0.3
5.315	0.5
5.315	0.3
5.315	0.5
5.315	0.3
5.315	0.5
5.315	0.3
5.315	0.5
5.315	0.3
5.315	0.5
5.315	0.4
5.315	0.5
5.315	0.4
5.315	0.5
5.315	0.3
5.315	0.5
5.315	0.3
5.315	0.5
5.315	0.3
5.315	0.5
5.315	0.3
5.315	0.5
5.315	0.4
5.315	0.5
5.315	0.4
5.315	0.5
5.315	0.4
5.315	0.5
5.315	0.4
5.315	0.5
5.315	0.4
5.315	0.5
5.315	0.4
5.315	0.5
5.315	0.3
5.315	0.5
5.315	0.4
5.315	0.5
5.315	0.4
5.315	0.5
5.315	0.4
5.315	0.5
5.315	0.4
5.315	0.5
5.315	0.3
5.315	0.5
5.315	0.4
5.315	0.5
5.315	0.4
5.315	0.5
5.315	0.3
5.315	0.5
5.315	0.4
5.315	0.5