1	41.4
1	41.4
1	41.4
1	41.4
1	41.4
1	41.4
1	41.4
1	41.4
1	41.3
1	41.4
1	41.4
1	41.4
1	41.4
1	41.4
1	41.4
1	41.4
1	41.4
2	41.4
2	41.4
3	41.3
3	41.2
3	41.1
3	41.1
3	41.1
4	41.1
4	41.1
4	41
4	41
5	40.9
5	40.7
6	40.6
7	40.4
8	40.2
9	40
10	39.8
10	39.7
11	39.5
12	39.5
13	39.3
14	38.8
15	38.5
16	38.2
16	37.9
17	37.7
18	37.5
19	37.3
20	37.1
21	36.9
22	36.6
23	36.5
24	36.3
24	36.1
25	36
25	35.9
25	35.9
25	35.9
26	35.9
26	35.9
26	35.9
26	35.9
26	35.9
26	35.9
26	35.9
26	35.9
26	35.9
26	35.9
26	35.7
27	35.6
28	35.5
28	35.4
29	35.2
30	35
31	34.9
32	34.8
32	34.8
33	34.7
33	34.8
34	34.8
34	34.7
35	34.6
36	34.5
37	34.4
38	34.3
39	34.1
39	33.9
40	33.8
41	33.6
42	33.4
42	33.3
43	33.1
43	32.9
44	32.8
45	32.6
46	32.4
47	32.2
48	32
49	31.9
49	31.9
49	31.9
49	31.9
49	31.9
49	32
49	32
49	32
49	32
49	32
49	32
49	32
49	32
49	32
49	32
49	32
49	32
49	32
49	32
49	32
49	32
49	32
49	32
49	32
49	32
50	31.7
50	31.7
50	31.7
50	31.7
50	31.7
51	31.6
52	31.4
54	31.3
55	31
56	30.8
57	30.7
59	30.6
60	30.5
61	30.4
62	30.2
63	30.2
64	30
65	29.8
66	29.6
67	29.5
68	29.4
69	29.3
71	29.1
71	29.1
72	29.1
72	29.1
72	29.1
72	29
72	29
72	28.9
72	29
72	29
72	29
72	29
72	29
72	29
72	29
73	28.9
75	28.9
76	28.8
78	28.9
80	28.8
82	28.7
83	28.5
86	28.5
87	28.5
89	28.5
91	28.6
93	28.7
94	28.8
96	29.1
97	29.4
99	29.8
100	30.3
102	30.7
104	31.1
106	31.4
106	31.4
106	31.5
106	31.5
106	31.4
106	31.5
106	31.4
106	31.4
106	31.4
106	31.4
107	31.8
110	32.1
113	32.4
117	33.1
120	33.6
124	34.4
126	34.9
128	35.6
130	36.4
132	37.4
135	38.2
138	38.8
138	39
138	39
138	39.1
138	39.1
138	39.2
138	39.1
138	39.1
138	39.1
138	39
138	39
138	38.9
140	39.5
143	40.1
147	40.7
150	41.2
153	41.6
156	41.7
159	41.7
162	41.5
164	41.5
167	41.6
168	41.7
169	41.7
170	41.7
170	41.8
170	41.7
170	41.7
170	41.7
170	41.7
170	41.7
170	41.7
170	41.7
170	41.7
173	41.6
177	41.2
180	41
184	40.7
188	39.8
193	39.1
198	37.9
202	36.9
206	36.2
207	35.7
209	35.2
209	35.2
209	35.1
209	35.1
209	35
209	35.1
209	35.1
209	35.1
209	35.1
209	35
209	35
211	34.6
213	34
216	33.3
219	32.7
223	32.5
227	32.4
232	32
236	31.3
239	30.9
241	30.7
242	30.6
242	30.6
242	30.6
242	30.5
242	30.5
242	30.5
242	30.5
242	30.6
242	30.5
242	30.6
242	30.6
242	30.7
244	30.5
247	30.3
250	30.2
255	29.8
260	29.6
265	29.7
270	30.1
274	30.6
277	30.8
278	30.9
278	30.9
278	30.9
278	30.9
278	30.9
278	30.9
278	30.9
278	30.9
278	30.9
278	30.9
279	31.1
283	31.6
287	32.3
291	33.6
297	35.3
302	36.7
307	38
312	39.2
316	40
319	40.8
320	41
320	41.1
320	41.2
320	41.3
320	41.3
320	41.3
320	41.3
320	41.3
320	41.4
320	41.1
322	41.7
325	42.5
330	43.4
335	44
340	44.3
345	43.7
350	43.2
354	42.5
358	41.7
362	41.2
364	40.8
366	40.4
367	40.3
367	40.3
367	40
367	40.1
367	40
367	40
367	40
367	39.9
367	40.3
367	40.3
368	40.2
371	39.3
374	38.1
379	36.6
386	35
393	33.8
399	32.9
405	32.2
410	31.5
413	31.2
413	31.1
413	31.1
413	31.1
413	31.1
413	31.1
413	31.1
413	31.1
413	31.1
413	31.1
413	31.1
414	31.1
416	30.7
419	30.4
422	29.9
427	29.3
431	29
436	28.8
441	28.6
444	28.4
445	28.4
445	28.4
445	28.3
445	28.5
445	28.5
445	28.5
445	28.5
445	28.5
445	28.5
445	28.5
446	28.5
449	28.5
453	28.9
458	30
464	31.3
469	32.1
474	32.8
478	33.2
480	33.8
481	34
481	34
481	34.1
481	34.1
481	34.1
481	34.1
481	34.1
481	34.1
481	34
481	34.1
483	34.5
486	35.3
489	36.7
492	37.9
496	38.9
500	39.6
503	40.4
507	40.9
510	41.3
514	41.7
516	41.7
516	41.7
516	41.6
516	41.6
516	41.6
516	41.6
516	41.6
516	41.6
516	41.6
516	41.7
518	41.6
522	41.5
525	41.6
530	41.6
535	41.2
541	40.8
546	39.9
552	38.9
557	37.9
560	37.1
561	36.9
561	36.9
561	37.1
561	37.1
561	37.1
561	37.1
561	37.1
561	37.1
561	37.1
561	37.1
561	37.1
561	36.9
563	36.5
566	35.7
571	34.3
575	33.1
581	32.7
586	32.4
589	32.1
592	31.7
594	31.4
594	31.4
595	31.3
595	31.3
595	31.3
595	31.3
595	31.2
595	31.3
595	31.2
595	31.2
595	31.3
595	31.3
596	31.2
598	30.8
601	30.6
605	30.3
609	30.2
614	29.8
618	29.6
622	29.6
625	29.7
628	30.1
629	30.2
630	30.2
630	30.2
630	30.2
630	30.2
630	30.2
630	30.2
630	30.1
630	30.2
630	30.2
633	30.5
636	30.8
641	31.5
647	32.6
653	34.4
658	35.7
661	36.7
664	37.5
666	38.1
667	38.5
668	38.8
668	38.7
668	38.7
668	38.7
668	38.7
668	38.7
668	38.7
668	38.8
671	39.6
675	40.2
680	41.3
686	42.7
691	43.5
695	44.2
699	44.3
701	44.1
703	43.8
703	43.8
703	43.5
703	43.2
703	43.2
703	43.2
703	43.1
703	43
703	43.1
703	43.2
703	43.2
703	43.1
703	43.2
703	43.1
703	43.2
703	43.2
703	43.2
704	43.7
708	43.3
712	42.9
715	42.3
719	41.3
724	40.6
728	40
730	39.3
733	38.2
735	37.7
735	37.7
735	37.7
735	37.7
735	37.5
735	37.5
735	37.5
735	37.5
735	37.5
735	37.5
735	37.6
735	37.5
737	36.9
741	35.9
744	35.3
748	34.8
752	34.1
756	33.5
759	33
761	32.5
764	32.2
764	32.2
764	32.2
764	32.2
764	32.2
764	32.2
764	32.2
764	32.2
764	32.3
764	32.2
764	32.2
764	32.1
767	31.7
771	31.2
774	30.9
778	30.6
781	30.1
784	29.5
788	29.2
791	29
793	28.9
796	28.8
799	28.7
801	28.5
801	28.5
801	28.5
801	28.5
801	28.5
801	28.5
801	28.5
801	28.5
801	28.5
802	28.5
805	28.4
808	28.5
812	28.9
816	29.8
819	30.6
823	31.5
826	31.8
830	32.3
833	32.9
837	33.4
840	34.3
841	34.4
841	34.5
841	34.5
841	34.5
841	34.5
841	34.5
841	34.5
841	34.6
841	34.6
841	34.6
841	34.6
841	34.6
841	34.6
841	34.6
841	34.6
841	34.6
841	34.6
841	34.6
841	34.7
841	34.6
841	34.6
841	34.6
841	34.6
841	34.6
841	34.6
841	34.6
841	34.6
841	34.6
841	34.6
841	34.6
841	34.6
841	34.6
841	34.6
841	34.6
841	34.6
841	34.6
841	34.6
841	34.5
841	34.6
841	34.6
841	34.4
841	33.9
841	32.9
841	32.1
841	30.9
841	30
841	29.5
841	29.2
841	29.1
841	29.1
841	29
841	28.6
841	28.9
841	28.9
841	29
841	29
841	28.9
841	29
841	29
841	29
841	29
841	29
841	29
841	29
841	29
841	29
841	29
841	29
841	29
841	29
841	29
841	29
841	29
841	29
841	29
841	29
841	29
841	29
841	29
841	29
841	28.9
841	29
841	29
841	29
841	28.9
841	29
841	28.9
841	28.9
841	29
842	29.3
843	29.8
845	30.5
846	31.1
848	32
850	33.1
851	34
853	34.7
855	35.6
856	36.6
859	37.5
861	38.5
864	39.6
867	41
870	42.3
873	43.3
876	43.8
877	44.1
877	44.2
877	44.3
877	44.2
877	44.2
877	44.3
877	44.3
877	44.3
877	44.3
877	44.3
877	44.3
878	44.4
879	44.8
881	45.1
884	45.7
888	46.3
891	46.7
894	47.2
897	47.2
900	47.4
903	47.3
906	46.7
909	46.4
912	45.8
915	44.9
917	44.4
919	43.8
922	43.1
924	42.1
925	41.5
926	40.8
927	40.7
927	40.7
927	40.7
927	40.8
927	40.8
927	40.8
927	40.7
927	40.8
927	40.7
927	40.7
929	40.1
932	38.8
935	37.7
939	36.6
943	35.3
948	33.8
952	32.3
955	31.2
959	29.7
962	28.8
963	28.6
963	28.6
963	28.7
963	28.7
963	28.7
963	28.7
963	28.6
963	28.7
964	28.5
967	27.7
970	26.8
974	25.8
978	25
981	24.4
986	23.8
989	23.7
993	23.8
997	23.9
1000	24.3
1003	24.8
1005	25.5
1007	26.1
1010	26.9
1011	27.8
1014	28.8
1017	29.9
1019	30.9
1020	31.4
1020	31.5
1020	31.5
1021	31.2
1021	31.2
1021	31.3
1021	31.3
1021	31.3
1021	31.3
1021	31.3
1021	31.3
1021	31.3
1021	31.3
1021	31.3
1021	31.3
1021	31.3
1021	31.3
1021	31.3
1021	31.3
1021	31.3
1021	31.3
1021	31.3
1021	31.3
1021	31.3
1021	31.3
1021	31.3
1021	31.3
1021	31.3
1021	31.3
1021	31.1
1021	30.7
1021	30.4
1021	29.2
1021	28.3
1021	27
1021	25.4
1021	24
1021	22.7
1021	21.5
1021	20.4
1021	19.2
1021	18.4
1021	17.6
1021	17
1021	16.8
1021	16.7
1021	16.7
1021	16.7
1021	16.7
1021	16.8
1021	16.8
1021	16.8
1021	16.8
1021	16.8
1021	16.8
1021	16.8
1021	16.8
1021	16.8
1021	16.8
1021	16.8
1021	16.8
1021	16.8
1021	16.8
1021	16.8
1021	16.8
1021	16.8
1021	16.8
1021	16.8
1021	16.8
1021	16.8
1021	16.8
1021	16.8
1021	16.8
1021	16.8
1021	16.8
1021	16.8
1021	16.8
1021	16.8
1022	17.3
1025	18
1027	18.9
1029	19.8
1031	20.7
1034	21.8
1036	23.3
1039	25
1042	27.3
1044	29.1
1047	31.3
1050	33.3
1052	35.3
1054	36.8
1056	38.1
1056	38.6
1056	38.5
1056	38
1056	38.1
1056	38.1
1056	38.1
1056	38.1
1056	38.1
1056	38.1
1056	38.1
1056	38.1
1056	38.2
1057	39
1060	40.3
1061	40.9
1061	40.9
1061	40.9
1061	40.9
1061	40.9
1061	40.9
1061	40.9
1061	40.9
1061	40.9
1061	40.9
1061	41.4
1061	41.6
1061	41.5
1061	41
1061	40.9
1061	40.9
1061	41
1061	41
1061	41
1061	40.9
1061	40.9
1061	41
1061	41
1061	40.9
1061	40.9
1061	40.9
1061	40.9
1061	41
1061	40.9
1061	40.9
1061	40.9
1061	41
1061	41
1061	41.2
1061	41.2
1061	41.3
1061	41.5
1061	41.7
1061	41.7
1061	41.8
1061	42.5
1061	43.9
1061	45.5
1061	46.6
1061	46.9
1061	46.9
1061	47
1061	47
1061	46.9
1061	47
1061	46.9
1061	46.9
1061	46.9
1061	46.9
1061	46.9
1061	46.8
1061	46.8
1061	46.6
1061	46
1061	45.4
1061	44.6
1061	43.2
1061	41.8
1061	41.2
1061	40.2
1061	39
1061	37.6
1061	36.5
1061	36.4
1061	36.5
1061	36.4
1061	36.4
1061	36.4
1061	36.5
1061	36.4
1061	36.4
1061	36.5
1061	36.4
1061	36.4
1061	36.5
1061	36.5
1061	36.4
1061	36.3
1061	36.3
1061	36.3
1061	36.3
1061	36.3
1061	36.3
1061	36.3
1061	36.3
1061	36.3
1061	36.3
1061	36.3
1061	36.3
1061	36.3
1061	36.3
1061	36.3
1061	36.3
1061	36.3
1061	36.3
1061	36.3
1061	36.3
1061	36.3
1061	36.3
1061	36.3
1061	36.3
1061	36.3
1061	36.3
1061	36.3
1061	36.3
1061	36.3
1061	36.3
1061	36.3
1061	36.3
1061	36.3
1061	36.3
1061	36.3
1061	36.3
1061	36.3
1061	36.3
1061	36.3
1061	36.3
1061	36.3
1061	36.3
1061	36.3
1061	36.3
1061	36.3
1061	36.2
1062	36.5
1064	36.3
1066	35.8
1067	35.5
1069	35.4
1070	35.2
1072	34.8
1073	34.5
1075	34.1
1077	33.7
1079	33.4
1082	33
1084	32.6
1087	32.4
1088	32.2
1090	32
1092	31.7
1094	31.4
1095	31.2
1097	31
1099	30.8
1102	30.7
1103	30.7
1106	30.6
1108	30.9
1110	31.1
1111	31.1
1111	31.2
1111	31.2
1111	31.3
1111	31.3
1111	31.3
1111	31.3
1111	31.3
1111	31.4
1111	31.3
1112	31.3
1113	31.3
1115	31.6
1117	31.8
1120	32.2
1124	32.7
1127	33.1
1131	33.7
1134	34.4
1137	34.8
1141	35.2
1144	35.4
1145	35.4
1145	35.4
1145	35.4
1145	35.3
1145	35.3
1145	35.3
1145	35.3
1145	35.3
1145	35.3
1145	35.2
1145	35.3
1145	35.3
1146	35.4
1147	35.4
1148	35.7
1150	35.8
1151	35.9
1153	36
1155	35.9
1158	35.9
1160	36.1
1163	36.2
1166	36
1168	36.1
1171	36.4
1174	36.8
1175	36.9
1177	37.1
1178	37.3
1179	37.3
1180	37.4
1181	37.5
1182	37.5
1183	37.7
1184	37.7
1186	37.6
1187	37.5
1189	37.5
1190	37.4
1192	37.3
1193	37.2
1194	37.2
1195	36.8
1197	36.8
1198	36.8
1199	36.8
1199	36.8
1199	37
1199	36.9
1199	36.9
1199	36.9
1199	36.9
1199	36.9
1199	36.8
1202	36.9
1205	37.1
1209	37.4
1214	37.5
1218	37.4
1221	37.1
1224	36.8
1227	36.5
1230	36.3
1232	36
1233	35.7
1234	35.7
1234	35.7
1234	35.6
1234	35.6
1234	35.6
1234	35.6
1234	35.6
1234	35.6
1234	35.6
1234	35.6
1234	35.4
1237	34.9
1241	34.5
1245	34
1250	33.5
1254	33.2
1259	32.8
1263	32.4
1267	32.1
1268	32
1268	32
1268	32
1268	32
1268	32
1268	32
1268	31.9
1268	32
1268	31.9
1269	31.8
1272	31.7
1275	31.7
1279	31.8
1283	31.6
1287	31.4
1292	31.4
1295	31.6
1299	32.3
1302	32.8
1304	33.3
1304	33.3
1304	33.4
1304	33.2
1304	33.2
1304	33.2
1304	33.2
1304	33.3
1304	33.3
1304	33.3
1304	33.2
1305	33.2
1307	33.7
1310	34
1314	34.5
1318	34.9
1322	35.5
1326	36
1330	36.3
1334	36.2
1335	36.2
1335	36.2
1335	36.2
1335	36.2
1335	36.2
1335	36.2
1335	36.2
1335	36.2
1335	36.2
1335	36.3
1339	36.9
1342	37
1347	37.6
1353	38
1358	38.4
1363	38.4
1366	38.5
1368	38.5
1368	38.6
1368	38.5
1368	38.5
1368	38.6
1368	38.6
1368	38.5
1368	38.5
1368	38.6
1368	38.6
1370	38.7
1374	39.1
1379	39.4
1385	39.6
1391	39.3
1395	39.2
1399	39
1402	38.8
1403	38.8
1403	39.1
1403	39.2
1403	39.1
1403	39.1
1403	39.1
1403	39.1
1403	39.1
1403	39
1403	39
1406	38.6
1410	38.1
1414	37.7
1419	37.1
1424	36.1
1428	35.4
1431	34.6
1433	34.4
1433	34.4
1433	34.4
1433	34.2
1433	34.2
1433	34.2
1433	34.2
1433	34.2
1433	34.2
1433	34.2
1433	34.2
1435	33.9
1440	33.1
1444	32.5
1448	32.2
1452	31.6
1457	30.8
1460	30.8
1462	30.7
1462	30.7
1462	30.7
1462	30.7
1462	30.7
1462	30.7
1462	30.7
1462	30.7
1462	30.8
1463	30.7
1464	30.7
1467	30.9
1471	31.3
1475	31.6
1479	32.1
1483	32.6
1486	33.2
1489	33.6
1492	34.1
1493	34.4
1494	34.5
1494	34.4
1494	34.4
1494	34.4
1494	34.5
1494	34.4
1494	34.4
1494	34.4
1495	34.6
1498	34.9
1503	35.3
1507	35.7
1512	36
1517	36
1521	36.1
1521	36.2
1521	36.2
1521	36.1
1521	36.1
1521	36.2
1521	36.1
1521	36.1
1521	36.1
1521	36.1
1522	36.2
1526	36
1530	36.4
1536	37.3
1542	37.6
1548	37.5
1553	37.1
1557	36.8
1559	36.8
1559	36.8
1559	36.9
1559	36.9
1559	36.9
1559	36.9
1559	36.9
1559	36.9
1559	36.8
1560	36.8
1565	37
1570	37.4
1576	37.4
1580	37
1586	36.5
1591	35.9
1594	35.4
1594	35.3
1594	35.3
1594	35.2
1594	35.2
1594	35.2
1594	35.2
1594	35.2
1594	35.2
1594	35.2
1598	34.8
1603	34.1
1608	33.4
1613	33.1
1617	32.7
1622	32.4
1627	32
1628	31.9
1628	32
1628	32
1628	32
1628	32
1628	32
1628	31.9
1628	31.8
1630	31.8
1634	31.8
1641	31.7
1647	31.4
1654	31.5
1658	32.2
1661	32.8
1661	32.8
1661	32.8
1661	32.9
1661	32.9
1661	32.9
1661	32.9
1661	32.9
1661	32.9
1662	33
1665	33.6
1669	34
1674	34.7
1682	35.6
1689	36.3
1695	36.4
1696	36.6
1696	36.7
1696	36.7
1696	36.7
1696	36.7
1696	36.7
1696	36.7
1696	36.7
1698	37
1702	37.2
1707	37.7
1712	38.1
1719	38.3
1724	38.4
1727	38.5
1727	38.7
1727	38.7
1727	38.7
1727	38.7
1727	38.7
1727	38.7
1727	38.7
1727	38.7
1731	39.1
1737	39.4
1745	39.6
1754	39.3
1760	38.9
1765	38.5
1766	38.6
1766	38.6
1766	38.6
1766	38.5
1766	38.5
1766	38.6
1766	38.5
1766	38.5
1770	38
1776	37.3
1782	36.1
1790	34.6
1796	33.4
1800	33
1801	32.6
1801	32.6
1801	32.6
1801	32.6
1801	32.6
1801	32.6
1801	32.6
1801	32.6
1801	32.6
1804	32.3
1808	31.8
1814	31.1
1819	30.7
1827	31
1831	31.4
1834	31.8
1835	31.9
1835	31.9
1835	32
1835	32
1835	32
1835	32
1835	32
1835	32
1835	31.8
1837	32.2
1841	32.7
1846	33.4
1852	34.4
1858	35
1860	35.2
1860	35.2
1860	35.2
1860	35.2
1860	35.2
1860	35.2
1860	35.1
1860	35.2
1860	35.2
1860	35.2
1860	35.2
1860	35.2
1860	35.2
1860	35.2
1860	35.2
1860	35.1
1860	35.2
1863	35.4
1868	35.8
1873	36
1881	36.1
1889	36.4
1896	37.2
1897	37.3
1897	37.4
1897	37.4
1897	37.4
1897	37.4
1897	37.4
1897	37.3
1897	37.3
1898	37.5
1904	37.7
1911	37.2
1921	37
1929	37.5
1933	37.5
1934	37.5
1934	37.6
1934	37.6
1934	37.6
1934	37.5
1934	37.6
1934	37.6
1934	37.6
1934	37.4
1937	37.2
1943	36.7
1949	36.1
1955	35.1
1961	34.3
1966	33.6
1970	33.3
1972	33.2
1972	33.2
1972	33.2
1972	33.2
1972	33.2
1972	33.2
1972	33.2
1972	33.2
1973	33.1
1976	32.8
1981	32.3
1986	32
1991	31.7
1998	31.8
2005	31.4
2009	31.4
2009	31.4
2009	31.4
2009	31.4
2009	31.5
2009	31.4
2009	31.4
2009	31.4
2009	31.4
2011	31.5
2016	32.2
2022	33.4
2030	34.2
2037	35.3
2044	36.1
2048	36.3
2048	36.2
2048	36.1
2048	36.2
2048	36.2
2048	36.2
2048	36.1
2048	36.2
2048	36.2
2051	36.2
2057	36.9
2063	37.4
2071	38.1
2077	38.3
2081	38.5
2082	38.5
2082	38.4
2082	38.4
2082	38.4
2082	38.4
2082	38.4
2082	38.4
2082	38.4
2082	38.5
2086	38.6
2092	39.1
2099	39.4
2109	39.3
2117	39
2124	38.6
2125	38.5
2125	38.6
2125	38.6
2125	38.5
2125	38.6
2125	38.6
2125	38.6
2125	38.6
2125	38.5
2129	38.1
2134	37.4
2140	36.4
2149	34.6
2156	33.3
2158	33
2158	33
2158	32.9
2158	32.8
2158	32.8
2158	32.8
2158	32.8
2158	32.8
2158	32.8
2159	32.7
2165	32.2
2172	31.3
2181	30.7
2187	31.2
2190	31.6
2191	31.6
2191	31.6
2191	31.6
2191	31.6
2191	31.6
2191	31.6
2191	31.6
2191	31.6
2192	31.6
2195	32.2
2199	32.4
2201	32.8
2202	32.9
2202	33
2202	33.1
2203	33.1
2203	33.1
2204	33.2
2205	33.5
2206	33.6
2206	33.7
2206	33.7
2206	33.6
2206	33.7
2206	33.7
2206	33.7
2206	33.7
2206	33.7
2208	34
2212	34.5
2216	34.9
2219	35.1
2219	35.1
2219	35.1
2219	35.1
2219	35.2
2219	35.1
2219	35.1
2219	35.1
2219	35.1
2219	35.2
2223	35.5
2232	36
2242	36
2251	37
2252	37.1
2252	37.1
2252	37
2252	37.1
2252	37.1
2252	37.1
2252	37.1
2252	37.1
2252	37.1
2255	37.4
2264	37.6
2273	36.7
2281	37.1
2284	37.4
2284	37.4
2284	37.6
2284	37.5
2284	37.5
2284	37.5
2284	37.6
2284	37.6
2284	37.4
2287	37.3
2296	37.2
2306	36.4
2313	35.1
2316	34.8
2316	34.8
2316	34.8
2316	34.8
2316	34.8
2316	34.8
2316	34.8
2316	34.8
2316	34.7
2318	34.5
2323	33.8
2329	33.4
2337	32.6
2343	32.1
2344	32.1
2344	32.1
2344	32.1
2344	32.1
2344	32.1
2344	32.1
2344	32.1
2344	32
2347	31.8
2355	31.8
2362	31.4
2372	31.6
2377	32.7
2377	32.7
2377	32.8
2377	32.7
2377	32.7
2377	32.7
2377	32.7
2377	32.7
2377	32.8
2377	32.8
2384	33.8
2389	34.4
2394	35
2397	35.4
